-1
-9
37
-85
127
-109
-61
593
-6671
-12184
-10911
-11285
-11243
-11138
-11206
-11151
-11146
-11130
-11115
-11101
-11086
-11071
-11058
-11042
-11027
-11012
-10997
-10983
-10968
-10952
-10940
-10926
-10910
-10897
-10881
-10866
-10853
-10838
-10822
-10809
-10794
-10778
-10764
-10749
-10736
-10721
-10705
-10689
-10676
-10663
-10649
-10634
-10620
-10607
-10591
-10575
-10562
-10547
-10533
-10519
-10505
-10492
-10476
-10461
-10447
-10432
-10420
-10406
-10390
-10378
-10364
-10350
-10337
-10323
-10310
-10296
-10282
-10267
-10253
-10241
-10226
-10212
-10201
-10187
-10172
-10159
-10145
-10132
-10117
-10104
-10092
-10078
-10063
-10049
-10037
-10023
-10009
-9996
-9981
-9968
-9955
-9942
-9929
-9916
-9904
-9889
-9875
-9862
-9848
-9835
-9821
-9807
-9795
-9782
-9768
-9754
-9741
-9730
-9717
-9703
-9690
-9676
-9663
-9651
-9637
-9625
-9613
-9600
-9586
-9572
-9559
-9546
-9534
-9521
-9509
-9496
-9483
-9471
-9457
-9443
-9432
-9421
-9408
-9395
-9383
-9370
-9357
-9345
-9333
-9322
-9309
-9297
-9284
-9271
-9260
-9246
-9233
-9222
-9209
-9198
-9184
-9170
-9157
-9144
-9134
-9121
-9108
-9096
-9084
-9072
-9059
-9047
-9035
-9021
-9008
-8997
-8984
-8974
-8964
-8952
-8940
-8928
-8915
-8903
-8892
-8881
-8867
-8853
-8842
-8831
-8819
-8806
-8794
-8783
-8771
-8759
-8747
-8735
-8724
-8711
-8699
-8688
-8676
-8665
-8654
-8641
-8629
-8618
-8606
-8593
-8582
-8570
-8559
-8546
-8536
-8527
-8516
-8503
-8490
-8479
-8470
-8458
-8447
-8435
-8423
-8411
-8399
-8388
-8376
-8366
-8355
-8343
-8332
-8323
-8313
-8302
-8288
-8277
-8266
-8255
-8243
-8231
-8221
-8211
-8199
-8187
-8176
-8166
-8156
-8145
-8134
-8123
-8112
-8103
-8092
-8080
-8070
-8059
-8046
-8036
-8027
-8017
-8005
-7993
-7983
-7973
-7963
-7952
-7941
-7931
-7920
-7908
-7898
-7887
-7876
-7865
-7855
-7845
-7835
-7823
-7812
-7801
-7790
-7781
-7772
-7760
-7750
-7741
-7729
-7717
-7707
-7696
-7688
-7678
-7666
-7657
-7646
-7636
-7627
-7616
-7604
-7595
-7585
-7574
-7564
-7554
-7544
-7532
-7523
-7514
-7502
-7492
-7483
-7472
-7463
-7453
-7442
-7432
-7423
-7414
-7403
-7393
-7383
-7375
-7365
-7354
-7345
-7334
-7325
-7315
-7303
-7294
-7287
-7276
-7264
-7256
-7247
-7236
-7227
-7218
-7207
-7199
-7189
-7176
-7168
-7159
-7148
-7137
-7126
-7117
-7108
-7098
-7089
-7081
-7070
-7059
-7051
-7042
-7033
-7023
-7013
-7004
-6996
-6986
-6976
-6967
-6957
-6949
-6941
-6931
-6921
-6913
-6903
-6894
-6885
-6876
-6867
-6858
-6848
-6837
-6827
-6820
-6810
-6799
-6790
-6781
-6771
-6764
-6755
-6745
-6736
-6727
-6719
-6709
-6701
-6692
-6681
-6673
-6665
-6657
-6646
-6636
-6628
-6620
-6610
-6602
-6594
-6584
-6577
-6569
-6559
-6549
-6539
-6532
-6523
-6514
-6505
-6496
-6487
-6479
-6471
-6463
-6456
-6447
-6436
-6429
-6421
-6411
-6402
-6393
-6385
-6376
-6368
-6360
-6352
-6343
-6333
-6324
-6316
-6307
-6299
-6291
-6282
-6272
-6264
-6256
-6248
-6238
-6230
-6222
-6213
-6205
-6197
-6189
-6181
-6173
-6167
-6158
-6149
-6141
-6132
-6123
-6115
-6107
-6099
-6091
-6083
-6075
-6069
-6061
-6051
-6043
-6035
-6026
-6020
-6012
-6004
-5995
-5987
-5980
-5971
-5964
-5955
-5945
-5936
-5929
-5921
-5911
-5904
-5897
-5888
-5880
-5872
-5862
-5856
-5850
-5841
-5833
-5824
-5816
-5810
-5804
-5797
-5789
-5781
-5773
-5764
-5757
-5750
-5741
-5733
-5726
-5719
-5712
-5704
-5696
-5690
-5683
-5675
-5667
-5660
-5651
-5642
-5634
-5626
-5618
-5611
-5603
-5597
-5588
-5579
-5573
-5565
-5559
-5551
-5543
-5537
-5528
-5521
-5513
-5505
-5499
-5491
-5483
-5476
-5469
-5460
-5453
-5448
-5440
-5434
-5429
-5421
-5413
-5405
-5400
-5391
-5383
-5374
-5366
-5361
-5354
-5346
-5339
-5332
-5326
-5318
-5310
-5303
-5295
-5288
-5282
-5275
-5267
-5259
-5252
-5245
-5237
-5231
-5225
-5217
-5210
-5204
-5197
-5190
-5183
-5176
-5170
-5163
-5154
-5148
-5141
-5133
-5126
-5121
-5114
-5107
-5101
-5094
-5088
-5081
-5074
-5067
-5060
-5055
-5048
-5042
-5035
-5027
-5020
-5014
-5007
-4999
-4992
-4984
-4978
-4971
-4964
-4957
-4950
-4944
-4936
-4929
-4923
-4917
-4910
-4903
-4897
-4890
-4883
-4879
-4872
-4865
-4860
-4852
-4846
-4840
-4833
-4826
-4820
-4813
-4805
-4799
-4793
-4787
-4780
-4773
-4769
-4762
-4754
-4748
-4742
-4735
-4729
-4723
-4715
-4711
-4707
-4700
-4693
-4684
-4678
-4673
-4666
-4659
-4654
-4648
-4643
-4637
-4630
-4624
-4618
-4611
-4605
-4599
-4591
-4588
-4582
-4573
-4568
-4563
-4556
-4549
-4543
-4536
-4528
-4523
-4515
-4510
-4505
-4498
-4493
-4487
-4481
-4476
-4470
-4465
-4461
-4455
-4448
-4441
-4435
-4429
-4422
-4416
-4412
-4406
-4399
-4392
-4387
-4381
-4374
-4368
-4362
-4356
-4351
-4347
-4339
-4334
-4329
-4321
-4316
-4311
-4307
-4300
-4292
-4287
-4283
-4276
-4270
-4266
-4260
-4254
-4248
-4242
-4237
-4233
-4226
-4220
-4215
-4209
-4202
-4196
-4191
-4185
-4179
-4174
-4168
-4163
-4157
-4152
-4145
-4139
-4134
-4128
-4121
-4116
-4112
-4107
-4102
-4097
-4090
-4085
-4081
-4075
-4068
-4063
-4058
-4053
-4048
-4041
-4038
-4034
-4028
-4024
-4016
-4009
-4004
-4001
-3994
-3986
-3981
-3976
-3972
-3967
-3960
-3955
-3951
-3945
-3938
-3934
-3929
-3923
-3920
-3913
-3907
-3904
-3898
-3893
-3888
-3883
-3879
-3873
-3867
-3860
-3855
-3849
-3843
-3839
-3835
-3830
-3824
-3818
-3814
-3808
-3802
-3797
-3792
-3787
-3782
-3776
-3772
-3768
-3762
-3756
-3751
-3745
-3739
-3737
-3732
-3726
-3720
-3715
-3711
-3705
-3699
-3695
-3691
-3687
-3684
-3678
-3674
-3669
-3664
-3659
-3655
-3651
-3645
-3639
-3634
-3629
-3623
-3617
-3613
-3607
-3602
-3598
-3594
-3588
-3584
-3578
-3572
-3568
-3563
-3558
-3553
-3549
-3544
-3540
-3536
-3530
-3525
-3521
-3518
-3512
-3506
-3503
-3499
-3493
-3487
-3482
-3478
-3473
-3469
-3465
-3461
-3455
-3450
-3447
-3442
-3437
-3433
-3427
-3422
-3418
-3414
-3409
-3404
-3401
-3396
-3393
-3388
-3383
-3380
-3376
-3374
-3368
-3361
-3357
-3353
-3348
-3342
-3338
-3334
-3330
-3325
-3320
-3317
-3312
-3306
-3302
-3300
-3296
-3288
-3285
-3280
-3275
-3271
-3267
-3263
-3258
-3255
-3250
-3246
-3242
-3237
-3232
-3227
-3224
-3221
-3216
-3212
-3208
-3203
-3199
-3194
-3188
-3185
-3182
-3176
-3171
-3167
-3163
-3158
-3156
-3153
-3147
-3144
-3139
-3136
-3134
-3130
-3125
-3120
-3114
-3110
-3107
-3102
-3096
-3093
-3087
-3083
-3082
-3077
-3073
-3069
-3065
-3061
-3057
-3052
-3048
-3045
-3041
-3038
-3035
-3030
-3025
-3021
-3017
-3013
-3010
-3003
-2998
-2996
-2990
-2986
-2983
-2979
-2975
-2972
-2967
-2963
-2962
-2958
-2953
-2949
-2945
-2941
-2937
-2933
-2929
-2926
-2922
-2918
-2913
-2908
-2906
-2901
-2896
-2893
-2888
-2886
-2882
-2877
-2874
-2869
-2866
-2864
-2859
-2855
-2851
-2847
-2844
-2841
-2836
-2831
-2827
-2822
-2820
-2816
-2809
-2806
-2802
-2797
-2795
-2791
-2789
-2785
-2780
-2776
-2774
-2769
-2765
-2764
-2760
-2757
-2755
-2749
-2745
-2742
-2738
-2734
-2730
-2729
-2723
-2718
-2714
-2711
-2707
-2702
-2700
-2697
-2694
-2690
-2685
-2681
-2679
-2675
-2671
-2667
-2662
-2659
-2656
-2653
-2650
-2646
-2642
-2639
-2636
-2632
-2629
-2626
-2624
-2620
-2614
-2611
-2608
-2604
-2599
-2596
-2593
-2590
-2587
-2582
-2579
-2577
-2572
-2567
-2564
-2562
-2557
-2556
-2553
-2546
-2542
-2539
-2537
-2534
-2530
-2526
-2524
-2520
-2517
-2514
-2513
-2509
-2504
-2499
-2495
-2491
-2489
-2487
-2484
-2481
-2478
-2473
-2468
-2463
-2462
-2460
-2456
-2453
-2450
-2447
-2443
-2439
-2435
-2432
-2430
-2427
-2422
-2419
-2417
-2415
-2413
-2409
-2406
-2403
-2401
-2397
-2393
-2392
-2388
-2382
-2379
-2376
-2372
-2369
-2366
-2365
-2362
-2357
-2352
-2349
-2346
-2343
-2340
-2337
-2333
-2329
-2327
-2323
-2319
-2317
-2313
-2310
-2308
-2304
-2302
-2300
-2296
-2293
-2290
-2286
-2284
-2282
-2279
-2276
-2273
-2270
-2267
-2265
-2260
-2257
-2255
-2253
-2249
-2245
-2242
-2240
-2238
-2233
-2228
-2226
-2222
-2219
-2217
-2214
-2212
-2210
-2207
-2203
-2201
-2199
-2196
-2194
-2190
-2185
-2183
-2181
-2178
-2175
-2171
-2169
-2167
-2164
-2161
-2156
-2153
-2151
-2148
-2146
-2145
-2141
-2136
-2133
-2129
-2124
-2122
-2120
-2117
-2115
-2111
-2108
-2107
-2104
-2101
-2098
-2096
-2092
-2088
-2085
-2083
-2082
-2078
-2074
-2072
-2070
-2067
-2064
-2061
-2057
-2055
-2054
-2051
-2048
-2044
-2042
-2039
-2036
-2034
-2031
-2028
-2026
-2024
-2021
-2019
-2017
-2013
-2010
-2007
-2003
-2002
-1999
-1996
-1993
-1989
-1986
-1983
-1981
-1980
-1976
-1973
-1974
-1971
-1966
-1963
-1960
-1958
-1956
-1954
-1951
-1949
-1947
-1944
-1940
-1937
-1936
-1933
-1931
-1928
-1926
-1924
-1921
-1919
-1916
-1912
-1910
-1907
-1905
-1903
-1900
-1897
-1894
-1891
-1889
-1887
-1883
-1881
-1880
-1877
-1874
-1871
-1869
-1866
-1864
-1862
-1860
-1858
-1852
-1850
-1848
-1846
-1844
-1840
-1839
-1838
-1834
-1832
-1829
-1826
-1824
-1822
-1820
-1818
-1814
-1811
-1809
-1806
-1802
-1801
-1799
-1795
-1794
-1793
-1789
-1787
-1785
-1781
-1780
-1778
-1775
-1772
-1770
-1768
-1763
-1762
-1761
-1758
-1757
-1755
-1753
-1749
-1746
-1745
-1743
-1739
-1738
-1738
-1734
-1730
-1728
-1727
-1726
-1722
-1720
-1718
-1715
-1713
-1711
-1708
-1705
-1703
-1701
-1698
-1696
-1694
-1691
-1689
-1688
-1687
-1683
-1681
-1680
-1677
-1675
-1673
-1669
-1667
-1666
-1665
-1662
-1657
-1655
-1653
-1651
-1651
-1649
-1646
-1643
-1640
-1638
-1635
-1634
-1633
-1632
-1630
-1626
-1622
-1620
-1618
-1617
-1615
-1613
-1610
-1608
-1606
-1603
-1601
-1598
-1595
-1593
-1590
-1587
-1586
-1584
-1580
-1580
-1578
-1576
-1575
-1572
-1571
-1569
-1566
-1564
-1561
-1559
-1556
-1556
-1558
-1554
-1549
-1547
-1545
-1543
-1541
-1539
-1537
-1534
-1532
-1530
-1528
-1526
-1524
-1522
-1519
-1518
-1515
-1514
-1512
-1510
-1508
-1506
-1504
-1502
-1502
-1501
-1499
-1496
-1492
-1490
-1488
-1486
-1484
-1482
-1479
-1477
-1476
-1473
-1471
-1469
-1468
-1467
-1464
-1461
-1459
-1457
-1455
-1453
-1451
-1450
-1447
-1445
-1445
-1443
-1442
-1440
-1438
-1436
-1433
-1431
-1429
-1426
-1425
-1426
-1423
-1419
-1417
-1416
-1415
-1412
-1409
-1407
-1406
-1406
-1403
-1400
-1398
-1396
-1394
-1393
-1392
-1391
-1389
-1387
-1385
-1382
-1380
-1377
-1374
-1372
-1371
-1370
-1370
-1368
-1368
-1364
-1362
-1361
-1358
-1357
-1356
-1354
-1352
-1349
-1348
-1346
-1344
-1343
-1339
-1339
-1339
-1335
-1335
-1334
-1330
-1328
-1326
-1324
-1322
-1321
-1319
-1317
-1315
-1312
-1310
-1309
-1308
-1306
-1304
-1304
-1303
-1301
-1299
-1298
-1296
-1294
-1294
-1293
-1289
-1288
-1286
-1284
-1283
-1281
-1278
-1276
-1273
-1272
-1272
-1269
-1268
-1266
-1265
-1266
-1263
-1261
-1260
-1258
-1256
-1253
-1251
-1249
-1247
-1246
-1245
-1243
-1242
-1238
-1235
-1235
-1234
-1233
-1232
-1229
-1228
-1227
-1225
-1222
-1222
-1220
-1218
-1216
-1214
-1213
-1210
-1209
-1208
-1206
-1204
-1203
-1201
-1200
-1199
-1196
-1194
-1193
-1193
-1191
-1188
-1188
-1185
-1184
-1183
-1182
-1181
-1179
-1179
-1176
-1172
-1171
-1169
-1167
-1165
-1164
-1162
-1161
-1159
-1159
-1158
-1155
-1154
-1152
-1150
-1148
-1146
-1145
-1145
-1143
-1141
-1138
-1136
-1137
-1136
-1133
-1131
-1129
-1127
-1126
-1126
-1123
-1121
-1121
-1122
-1120
-1118
-1117
-1115
-1114
-1113
-1110
-1108
-1106
-1104
-1103
-1103
-1101
-1098
-1098
-1095
-1093
-1094
-1093
-1091
-1089
-1087
-1085
-1084
-1082
-1080
-1079
-1077
-1077
-1076
-1075
-1074
-1071
-1069
-1068
-1066
-1065
-1063
-1061
-1059
-1057
-1055
-1055
-1054
-1052
-1051
-1050
-1049
-1047
-1046
-1047
-1046
-1043
-1042
-1038
-1035
-1036
-1036
-1035
-1034
-1032
-1030
-1028
-1029
-1027
-1026
-1025
-1021
-1020
-1018
-1017
-1015
-1013
-1011
-1011
-1010
-1009
-1008
-1005
-1004
-1004
-1003
-1002
-999
-1000
-999
-996
-995
-994
-992
-992
-991
-989
-988
-986
-984
-981
-980
-979
-978
-978
-976
-974
-973
-973
-971
-969
-969
-967
-965
-964
-965
-964
-960
-957
-956
-955
-955
-953
-951
-951
-950
-948
-945
-944
-943
-943
-942
-939
-937
-936
-934
-935
-934
-933
-931
-927
-927
-927
-926
-926
-923
-922
-921
-918
-918
-917
-915
-913
-911
-910
-911
-910
-908
-907
-905
-904
-902
-900
-900
-901
-898
-897
-897
-896
-894
-892
-891
-890
-889
-888
-887
-886
-883
-884
-885
-883
-881
-880
-880
-880
-878
-875
-872
-871
-870
-869
-867
-867
-865
-863
-862
-862
-859
-860
-858
-857
-857
-854
-855
-854
-852
-851
-849
-849
-849
-847
-845
-844
-844
-843
-841
-840
-839
-838
-837
-834
-833
-832
-831
-829
-828
-827
-825
-824
-825
-824
-821
-821
-821
-818
-817
-816
-815
-815
-814
-812
-811
-809
-809
-808
-806
-805
-804
-804
-803
-802
-799
-798
-797
-797
-798
-796
-795
-795
-794
-790
-789
-788
-786
-786
-785
-783
-781
-781
-781
-779
-779
-779
-778
-778
-777
-776
-774
-773
-772
-771
-770
-767
-767
-767
-765
-763
-762
-761
-760
-759
-758
-757
-757
-754
-753
-753
-752
-751
-749
-748
-748
-748
-747
-746
-745
-744
-743
-742
-741
-741
-740
-740
-739
-736
-737
-735
-733
-735
-733
-731
-729
-726
-725
-723
-724
-724
-723
-722
-720
-723
-723
-719
-718
-719
-717
-716
-714
-712
-711
-711
-710
-710
-708
-708
-706
-704
-703
-703
-701
-700
-700
-698
-697
-695
-694
-695
-694
-692
-692
-692
-692
-690
-688
-687
-686
-685
-686
-686
-684
-684
-682
-681
-680
-679
-679
-679
-677
-677
-676
-675
-674
-673
-672
-671
-671
-669
-668
-667
-665
-664
-664
-663
-663
-663
-662
-660
-660
-659
-658
-656
-655
-655
-654
-653
-654
-653
-650
-650
-650
-648
-646
-646
-645
-645
-643
-642
-642
-642
-641
-639
-639
-638
-636
-635
-635
-635
-635
-632
-632
-630
-627
-629
-629
-625
-624
-623
-623
-623
-621
-621
-621
-620
-619
-618
-618
-618
-617
-616
-613
-612
-611
-610
-609
-609
-607
-605
-607
-605
-603
-602
-602
-601
-599
-600
-601
-599
-598
-598
-598
-597
-596
-594
-593
-594
-592
-591
-590
-589
-588
-587
-587
-586
-587
-586
-584
-582
-581
-581
-580
-580
-579
-579
-579
-578
-578
-578
-577
-575
-574
-574
-573
-572
-571
-570
-571
-571
-570
-567
-566
-566
-564
-564
-562
-561
-561
-559
-559
-559
-557
-555
-554
-554
-556
-555
-553
-553
-551
-551
-551
-549
-549
-547
-545
-546
-545
-545
-544
-544
-544
-544
-544
-543
-542
-542
-542
-541
-541
-538
-537
-536
-535
-535
-534
-533
-533
-532
-530
-529
-528
-528
-527
-526
-527
-526
-525
-524
-523
-524
-523
-521
-520
-520
-518
-517
-517
-518
-517
-517
-515
-514
-514
-516
-513
-510
-511
-510
-510
-510
-509
-508
-508
-507
-507
-505
-506
-506
-504
-504
-503
-501
-502
-500
-498
-499
-500
-499
-497
-496
-495
-495
-494
-491
-491
-492
-491
-490
-490
-490
-488
-486
-485
-485
-483
-484
-486
-484
-483
-484
-481
-480
-482
-481
-479
-478
-476
-475
-476
-476
-476
-475
-472
-472
-472
-470
-472
-472
-471
-470
-470
-468
-466
-466
-465
-464
-464
-463
-462
-461
-462
-461
-460
-461
-460
-460
-459
-458
-457
-456
-457
-458
-459
-458
-456
-456
-456
-456
-454
-451
-451
-451
-450
-447
-446
-447
-446
-445
-445
-445
-445
-447
-445
-442
-442
-442
-441
-441
-440
-438
-439
-439
-437
-438
-439
-437
-435
-434
-434
-435
-434
-433
-432
-432
-432
-431
-431
-430
-429
-428
-427
-426
-426
-426
-425
-426
-425
-422
-422
-424
-422
-421
-421
-420
-420
-419
-416
-417
-417
-415
-414
-415
-414
-414
-413
-414
-414
-413
-413
-412
-411
-410
-408
-408
-407
-407
-407
-405
-406
-405
-404
-406
-406
-405
-404
-404
-403
-402
-401
-399
-398
-398
-398
-398
-397
-396
-396
-394
-394
-393
-392
-391
-391
-390
-389
-389
-388
-388
-388
-387
-387
-388
-387
-386
-386
-385
-384
-384
-383
-382
-381
-381
-382
-383
-381
-381
-381
-381
-380
-380
-380
-377
-378
-379
-377
-377
-378
-376
-377
-376
-375
-376
-375
-373
-373
-373
-371
-371
-371
-369
-369
-369
-368
-366
-366
-366
-366
-364
-364
-366
