0
0
2
-15
66
-200
448
-779
992
136
-5915
-1751
-6969
-2557
2114
-834
1513
-1029
-1591
-865
-1198
-603
-92
-532
14
141
518
976
526
879
772
817
1068
736
688
360
-82
-476
-332
-346
-607
-559
-662
-696
-682
-716
-600
-601
-601
-595
-666
-717
-769
-899
-833
-891
-1081
-1080
-1134
-1129
-1236
-1261
-1470
-1540
-1598
-1690
-1540
-1521
-1490
-1464
-1509
-1606
-1353
-1331
-1492
-1387
-1290
-1364
-1303
-973
-1023
-619
-714
-611
-446
-441
-173
-149
-145
-42
-91
-154
-90
-142
142
-201
-302
-85
-350
-314
-307
-207
-305
-258
-143
-304
-241
-106
-127
-76
-27
-83
1
12
355
171
795
2090
1433
1169
935
652
635
694
557
599
559
331
456
310
387
18
9
485
-1792
-1147
-44
-1375
-633
-508
-684
-515
-487
-472
-384
-438
-93
-72
-111
5
-36
84
37
0
287
147
-229
-75
41
5
13
136
172
117
132
-26
-176
-87
-16
-24
54
155
91
147
269
204
165
274
431
370
432
671
695
844
947
910
955
927
1045
1050
929
900
997
1060
945
908
1045
1005
805
732
707
701
723
708
769
825
857
973
979
923
771
684
754
791
832
830
926
1051
984
842
795
780
680
605
572
393
252
276
348
379
385
330
344
304
148
103
125
251
356
293
269
344
480
573
582
693
780
728
693
771
932
1066
1195
1415
1414
1193
903
843
977
873
685
742
716
590
595
443
319
215
54
73
132
70
-41
-7
101
-27
28
6
-39
98
-23
-45
-28
-9
243
394
422
482
481
631
443
359
541
436
466
303
422
321
352
2829
2262
744
1043
548
437
570
217
-95
-268
-336
-244
-269
-324
-497
-381
-409
-600
-217
-230
-212
215
66
-71
-69
19
194
-70
-499
-430
-222
-373
-519
-267
-437
-539
-414
-747
-794
-646
-621
-654
-835
-756
-638
-812
-940
-763
-562
-564
-657
-732
-680
-440
-294
-611
-430
-245
-411
-379
-390
-368
-472
-438
-67
-156
-418
-184
-236
-684
-791
-640
-802
-902
-732
-779
134
-135
-834
-552
-295
226
363
915
1687
1512
1390
1628
2452
2275
-316
-1824
-2308
-2460
-1558
-76
125
-401
-631
-623
-441
-359
-499
-676
-709
-781
-869
-722
-661
-693
-707
-760
-682
-674
-731
-646
-669
-783
-699
-708
-688
-553
-406
-325
-427
-420
-259
-298
-371
-332
-344
-408
-348
-355
-317
-303
-397
-442
-511
-587
-620
-602
-574
-443
-435
-502
-468
-247
-312
-438
-237
-293
-269
-240
-134
30
45
203
388
248
221
467
438
394
451
435
459
437
380
436
492
340
178
166
165
148
109
165
184
182
186
244
194
88
180
277
284
227
274
410
491
458
493
627
617
507
444
493
478
390
329
345
362
186
158
210
54
-112
-166
-135
-173
-186
-147
-134
-99
-38
-51
-94
-41
47
120
73
40
251
425
353
341
434
492
413
360
417
426
366
343
377
366
334
306
207
126
64
-81
-115
-14
-32
-79
2
-6
-41
32
30
-1
69
120
140
131
186
332
418
455
491
492
501
480
411
375
370
322
228
197
148
69
33
-37
-200
-374
-357
-275
-310
-386
-375
-297
-251
-288
-270
-183
-182
-196
-167
-66
98
207
261
328
373
378
420
465
446
409
450
442
418
469
466
422
353
239
145
63
-4
-50
-79
-27
39
22
5
48
108
129
122
159
181
190
279
394
464
508
530
535
530
512
503
475
427
380
353
337
297
276
249
141
3
-83
-67
-63
-85
-65
-53
-73
-53
-17
5
18
12
54
94
109
177
275
360
416
458
478
495
507
500
471
446
433
397
378
365
346
311
216
89
-10
-23
-1
20
33
23
26
51
90
121
146
179
221
240
275
391
522
607
637
678
735
756
776
775
739
684
645
623
563
501
461
388
285
156
21
-39
-53
-83
-125
-153
-157
-162
-164
-181
-191
-183
-174
-167
-156
-100
2
85
123
139
141
147
137
125
105
76
47
13
-11
-34
-53
-93
-181
-284
-386
-419
-402
-391
-368
-368
-365
-330
-313
-318
-310
-290
-265
-231
-205
-147
-60
33
94
114
136
146
140
131
113
85
57
22
-3
-7
-23
-76
-174
-284
-389
-437
-432
-401
-377
-376
-367
-345
-329
-315
-291
-282
-258
-226
-199
-133
-26
74
123
163
200
202
198
203
184
168
150
125
120
117
84
53
-14
-128
-225
-276
-267
-251
-251
-244
-227
-215
-196
-174
-160
-149
-133
-116
-96
-39
53
148
208
227
236
242
237
230
187
140
126
91
66
50
17
-6
-62
-170
-274
-338
-342
-323
-333
-340
-338
-342
-326
-301
-279
-265
-254
-233
-220
-178
-84
22
74
108
154
161
151
154
154
126
91
68
47
34
14
-19
-71
-164
-266
-325
-327
-307
-290
-298
-295
-269
-259
-245
-210
-192
-181
-148
-126
-75
14
106
167
210
239
249
262
259
229
183
166
151
129
103
88
66
-13
-123
-234
-299
-306
-291
-279
-248
-239
-233
-208
-199
-173
-144
-131
-106
-82
-43
57
158
209
254
293
292
292
290
263
211
172
148
112
73
39
23
-48
-148
-258
-338
-330
-312
-316
-320
-331
-347
-326
-298
-267
-248
-247
-212
-189
-160
-79
10
67
115
169
195
201
209
193
123
89
93
75
49
29
7
-62
-146
-243
-332
-347
-319
-308
-301
-290
-298
-290
-268
-263
-234
-208
-191
-178
-160
-91
-1
69
125
151
129
105
92
74
32
0
-16
-69
-109
-132
-150
-189
-293
-414
-513
-549
-534
-530
-524
-508
-497
-470
-444
-432
-415
-395
-392
-386
-340
-243
-114
-28
14
62
71
72
89
89
87
67
12
-5
-12
-30
-57
-94
-162
-268
-338
-358
-341
-324
-313
-295
-260
-197
-166
-163
-167
-166
-145
-124
-78
-10
69
148
180
197
195
183
180
154
109
59
22
1
-50
-94
-132
-204
-311
-447
-555
-609
-639
-635
-650
-686
-682
-675
-663
-637
-663
-700
-707
-734
-743
-691
-658
-659
-646
-647
-651
-657
-692
-736
-782
-807
-835
-896
-940
-955
-964
-1016
-1126
-1264
-1389
-1429
-1424
-1412
-1390
-1366
-1345
-1311
-1238
-1178
-1092
-993
-908
-809
-681
-474
-269
-142
25
-8
-158
-374
-511
55
310
248
161
133
206
256
354
420
484
466
344
227
144
96
56
-5
-92
-148
-227
-293
-206
-140
-156
-212
-296
-286
-246
-210
-197
-187
-142
-19
212
417
585
713
768
765
789
709
895
653
473
2956
2876
193
488
2058
2166
1155
914
1753
2855
2929
3433
5357
6038
5770
5567
5243
5112
4824
3918
2718
1566
471
-11
-439
-960
-1084
-1291
-1513
-1649
-755
978
1866
2137
2454
2713
2271
1362
752
-550
-1837
-2323
-2538
-3298
-3933
-3780
-4924
-4963
-1133
3436
3237
2644
6134
5441
4862
3946
2414
2735
-26
-3650
-4880
-4533
-4677
-5555
-6540
-6464
-2435
2018
1539
437
1726
3856
4160
1739
1404
1891
22
-3070
-5604
-5630
-5605
-6896
-6830
-6676
-5403
-592
2187
1649
1679
4268
5893
3800
3121
3949
3255
1100
-1886
-3290
-3177
-3631
-4202
-4329
-4561
-2371
2413
3903
2704
3722
6062
6567
5134
4601
5085
3988
828
-1856
-2848
-2948
-3789
-7771
-7005
-3350
-195
4175
3256
2108
3955
5925
6331
4634
4167
4428
2753
248
-2187
-3312
-3517
-4177
-4469
-5258
-5353
-1318
2407
1519
1165
2864
4898
5219
3710
3758
3699
2009
-443
-2580
-3537
-3907
-4496
-4951
-5323
-4869
-320
3095
1561
1479
3390
5003
5320
3754
3709
3718
1734
-708
-2725
-3489
-3912
-4412
-4627
-5037
-4403
-327
2578
1666
2034
3738
5001
5280
3956
3843
3408
1404
-942
-3253
-3941
-4435
-5159
-5371
-5576
-5185
-1322
2053
1371
1441
3320
4546
4807
4009
3591
3106
1360
-755
-2665
-4080
-4453
-4523
-5081
-5708
-5133
-634
2444
1441
2164
4405
5804
6364
5881
6236
5772
3965
1779
-634
-1894
-2832
-4167
-4502
-3860
-3423
653
4863
4801
5236
7166
8320
8950
8644
8017
7358
5626
3506
941
-902
-1837
-2997
-4368
-5275
-5594
-2501
1614
2067
2133
4137
5668
6400
6810
6175
5697
4178
1868
14
-1753
-2729
-2457
-3189
-3898
-4511
-1412
4443
4880
4153
6268
8077
8871
7383
6297
6282
4400
1785
-1001
-3006
-3401
-3892
-4355
-3943
-4606
-1313
3518
3106
2161
3391
4976
5650
3982
3261
3072
950
-1512
-4790
-6458
-7641
-8735
-9162
-9760
-9856
-5278
-878
-1340
-1396
266
3124
3848
2332
2836
3306
1290
-1503
-3447
-4246
-5260
-6272
-6660
-8135
-6083
308
1473
-24
1191
4272
6372
4803
3389
3755
1949
-1579
-4894
-6600
-6691
-6886
-6226
-6348
-5398
1743
4816
1665
815
2428
3905
2680
62
-74
-768
-3782
-7160
-9703
-10213
-10637
-10983
-10338
-10112
-4257
1509
667
532
2803
5036
6137
5163
4727
4882
3427
1203
-1581
-2394
-2895
-3781
-3883
-5314
145
5569
1057
-1448
922
2912
2234
-206
304
1685
-55
-2892
-5147
-5168
-5640
-6282
-4844
-5028
-557
6117
5651
4126
4832
6768
7729
5582
4378
5277
4354
1630
-2582
-4802
-5893
-7812
-8895
-11170
-5477
1303
-2244
-5976
-1939
4482
3696
1210
1787
3262
839
-3235
-6249
-7247
-7581
-8575
-6666
-7379
-2431
6338
4665
282
2157
8969
9973
7889
8382
11474
11537
8128
5199
3616
3060
531
-85
-1275
547
7705
6821
2190
1923
8239
11320
9439
9105
11328
11995
8992
5236
2314
1482
-882
-1653
-2686
-2742
5456
7743
2964
1364
7107
11642
9927
8949
10365
11432
8609
4837
1216
-1004
-3294
-5637
-5258
-6345
-1317
5102
2742
-260
2798
9990
11682
10209
11033
13318
12375
9301
6591
4933
4004
1329
723
-659
-1362
4030
4010
-479
-332
1964
2226
1889
1565
3151
4197
2544
1029
-2055
-4090
-5469
-6492
-6407
-7965
-4903
550
-106
-2396
-2107
-329
819
183
1315
3841
4101
2748
189
-1694
-2719
-5104
-6075
-6504
-6775
-2800
741
-344
-1249
-259
2731
4171
4555
7042
8687
8110
4719
824
-313
-2666
-5347
-6986
-8463
-7597
-4108
-2417
-2272
-982
1607
3986
4413
5169
6483
6079
3284
-1316
-4335
-5999
-8628
-10158
-10499
-9469
-4711
933
3510
5333
8017
10898
11363
10047
9443
8989
6604
2547
-754
-1728
-3136
-4385
-4325
-4120
-2113
2070
4269
4905
6574
9703
12031
11684
11145
10541
8476
4701
-277
-2992
-4267
-6369
-7648
-8364
-9243
-8295
-6434
-7015
-8070
-7311
-5016
-3446
-2954
-1594
185
511
-1748
-4400
-4500
-5212
-6444
-6998
-7867
-7220
-3626
-1888
-2380
-1886
308
2651
3344
4071
5866
6861
5192
1874
-226
-1401
-3489
-4281
-5577
-7018
-4293
-949
-1538
-2707
-1857
280
1096
844
1700
2577
1375
-1970
-4786
-5597
-6259
-7151
-8432
-9614
-7263
-3018
-2886
-4386
-3773
-1367
-49
-468
161
1791
1337
-2331
-6103
-7549
-9080
-11055
-11739
-12854
-11179
-6434
-5333
-6401
-6075
-3993
-1934
-1935
-1417
793
2082
427
-2888
-3730
-4214
-5684
-5762
-6304
-5266
-998
460
-778
-1037
607
2777
3234
3600
4882
4939
2291
-2364
-4941
-6058
-8095
-9341
-10849
-10543
-6048
-3922
-4934
-4880
-2602
-167
-145
-372
1144
2351
1476
-1412
-2563
-2467
-3856
-4516
-5136
-5259
-1036
2629
2360
1711
2742
5303
6062
5475
6225
7073
5045
-350
-4286
-5485
-7129
-8113
-8366
-8978
-5861
-2283
-3016
-4164
-3611
-1728
-1286
-2512
-1992
-1103
-2325
-6279
-10283
-11570
-12899
-14057
-13939
-13802
-11106
-5149
-1627
-674
1036
3897
5957
5537
5025
5832
4729
541
-4584
-7079
-8179
-9371
-9660
-10301
-9654
-5066
-1740
-2235
-1978
309
2703
2850
2191
3060
3756
2246
-1774
-4327
-4019
-4552
-4704
-4586
-4433
-942
3506
4483
4017
4801
6065
5518
3662
2941
3640
3158
-322
-4193
-5158
-6462
-7980
-8154
-8304
-6864
-2327
398
303
401
2075
3909
4064
3809
4743
5427
3462
-724
-3240
-4201
-5308
-5625
-6242
-6121
-1637
2541
2443
1580
2430
4083
3638
2544
3270
4571
4054
440
-2579
-3418
-4441
-5402
-5450
-5280
-2223
2562
4054
3674
4176
6125
7029
6097
5566
5961
5643
2201
-2105
-3495
-4355
-5637
-6315
-7145
-5256
551
3477
3353
4176
6728
8706
7586
6209
6317
5103
1351
-4456
-8024
-8971
-11006
-11347
-11108
-10201
-5299
-921
-91
438
2250
5044
6287
6101
6996
7754
6144
1552
-2720
-4179
-5775
-6663
-6762
-6964
-3035
3006
4664
4495
5384
7954
8804
7100
5858
5356
3902
-931
-6315
-8449
-10211
-11640
-11753
-12425
-10655
-4253
-1597
-2271
-1668
950
3202
2405
1695
2739
2583
-723
-5412
-7454
-7666
-8654
-8250
-8228
-6893
-119
3802
3553
4248
6798
9402
9178
8004
8621
8798
5995
571
-3267
-4235
-6092
-6991
-7886
-8205
-2851
2101
1447
1233
3994
7279
7982
6804
7078
7421
4789
-831
-6045
-7620
-8952
-10115
-9895
-9385
-4093
2701
4304
4982
7236
9924
10433
8681
7811
7710
5471
462
-5014
-7524
-8855
-10597
-11204
-11519
-8494
-1117
1835
1556
3161
6427
8689
7993
7272
8364
8016
4068
-1462
-4199
-5341
-6902
-7621
-8418
-7379
-1513
2775
2463
2575
5041
7263
6964
5644
5738
5772
2502
-3206
-7269
-8710
-10188
-10958
-11596
-11524
-6042
-661
-526
-766
1395
3919
3788
2314
2322
2989
1458
-2703
-6088
-6646
-7280
-7837
-7650
-7968
-4592
1699
2947
1906
2785
5296
6689
5393
4909
6018
4937
762
-4055
-5298
-5850
-7684
-7171
-7442
-5135
1269
3938
3553
4009
6092
7539
6472
5552
5839
5148
1769
-3500
-6620
-7582
-8803
-8884
-8849
-7836
-1548
3703
3473
3133
5010
7339
7467
6293
6754
7171
4012
-2231
-7899
-10725
-13125
-14524
-14309
-13922
-10017
-3267
44
1007
2832
5999
8023
7636
7041
7613
6822
2865
-2250
-4741
-6014
-7181
-7585
-8106
-7645
-3711
1095
2685
3372
5457
7863
8628
7829
7725
8158
6389
1681
-2501
-3907
-5289
-6517
-6845
-6964
-5468
-735
3024
4096
5295
7276
8743
8608
7597
7516
6876
4065
-493
-3542
-4729
-6008
-6585
-6704
-6663
-4840
-577
1751
2579
3746
5497
6915
6407
5755
6157
5402
2320
-1442
-3870
-4961
-5831
-6117
-5503
-5011
-2944
1044
3231
3630
4179
4891
5642
5174
4264
3985
2565
-662
-4116
-6039
-6986
-7368
-7402
-7546
-7194
-3817
375
1811
2481
3582
5195
5695
4869
4976
4986
3200
-172
-3223
-4512
-4997
-5767
-5828
-6500
-5464
-752
2424
3159
3984
5307
6608
6526
5423
5082
4575
1758
-2636
-5285
-6679
-7371
-7525
-7172
-6829
-4369
405
3104
4257
5356
6368
7389
6715
5802
5844
4569
1273
-1911
-3546
-4308
-4635
-4310
-4254
-3722
394
4376
5461
6108
7402
9128
9151
8110
7917
7101
3820
-524
-3233
-4680
-5955
-6097
-6264
-6833
-3286
1634
2981
3230
4227
5822
6545
5378
4686
4991
2997
-1376
-4078
-4760
-5705
-5770
-5269
-5365
-1818
3350
4827
5276
6270
7747
8374
6720
5809
5588
3239
-1285
-4907
-5870
-6248
-6516
-6475
-6105
-1625
3373
4230
4572
6025
7627
7706
6238
5586
5061
2296
-3036
-6505
-7375
-8270
-8310
-8396
-7533
-1693
2912
2657
3324
5688
7265
6798
5504
5862
5810
1888
-3043
-4638
-5726
-7147
-6949
-7054
-4211
1359
3100
2755
3866
5906
6595
5759
5530
5984
4805
347
-3861
-4358
-5047
-5539
-5535
-5409
459
5263
4293
4346
6558
7942
7083
5678
5729
5769
2148
-2800
-4840
-5665
-6304
-6075
-6112
-3074
3044
4964
4104
5097
7279
7756
6370
5637
5828
4258
-698
-5171
-5932
-6914
-7726
-7845
-7396
-1903
2808
2295
2538
4765
6497
6073
5107
5456
5525
2549
-2417
-4734
-5254
-6259
-6228
-6137
-3470
2678
4926
4644
6178
8754
9704
8878
8678
8885
7476
2916
-1927
-3247
-4233
-5884
-6381
-5888
-1353
2674
2169
2280
4272
5899
5466
4795
5267
5268
2958
-1583
-3955
-4117
-5140
-4848
-4667
-3252
1526
4299
4289
4925
6354
7139
6460
5583
5565
4779
1345
-2807
-4674
-5498
-6093
-5896
-6104
-3817
732
2164
1846
3039
4557
4832
4009
3401
3763
2473
-1283
-4448
-5518
-6183
-6788
-6314
-5666
-2890
1184
2766
3494
4260
5365
6122
5142
4480
4294
2407
-1569
-4508
-5447
-6368
-6715
-6719
-6629
-3042
522
966
1481
2644
3746
3799
2886
2660
2397
337
-3348
-5760
-6452
-6896
-6818
-6396
-5507
-2034
1418
2275
3049
4184
4979
5178
4509
4036
3607
1212
-2172
-4229
-5037
-5534
-5697
-5747
-5002
-1139
1807
2401
3086
4227
5285
4899
4171
4325
3599
844
-2235
-3875
-4411
-5013
-4892
-4505
-2873
1048
3306
3601
4453
5583
6062
5541
4803
4780
3712
505
-2449
-3694
-4524
-5100
-5100
-4977
-2930
646
2234
2711
3628
4485
4943
4306
3792
3686
2098
-980
-3694
-4822
-5260
-5674
-5558
-5231
-2608
1010
2142
2730
3733
4622
4868
4081
3701
3528
1612
-1554
-3940
-5012
-5526
-5929
-5790
-5368
-2559
609
1633
2408
3388
4477
4667
4164
4230
4067
2236
-651
-2365
-3024
-3306
-3258
-3347
-2632
533
3310
3925
4539
5443
6093
5812
4890
4750
4123
1617
-1441
-3443
-3975
-4604
-5054
-4557
-3465
-768
1341
2321
3353
4225
4869
4873
4604
4584
3932
1662
-1123
-2599
-3048
-3872
-4130
-3847
-2323
657
2286
2942
3722
4544
5057
4641
4189
3952
2639
-431
-3207
-4055
-4678
-5381
-5337
-4617
-2151
455
1593
2579
3507
4231
4384
3968
3803
3489
1542
-1455
-3410
-4156
-4847
-5218
-4990
-3873
-930
1264
2188
3266
4484
5413
5196
4652
4310
3114
160
-2989
-4154
-4577
-5257
-5365
-4792
-2630
146
1584
2559
3665
4496
4647
4187
3943
3679
1522
-1595
-3388
-4160
-4646
-4956
-4532
-2751
203
2261
3458
4917
6403
7209
7243
7212
7229
5886
2724
100
-985
-1689
-2424
-2378
-1015
1678
4121
5427
6811
8489
9821
10847
11740
12639
12488
10872
10388
12154
14308
15776
16369
17245
18949
19604
19464
19603
20205
20313
18519
15844
13252
9638
5255
2225
966
-147
-1289
-1712
-1094
-542
-366
-7
60
-112
-185
-84
205
392
228
3
-138
-80
149
299
303
366
733
1449
2365
3019
3306
3389
3298
3106
2512
1442
230
-814
-1409
-1711
-1907
-1885
-1429
-571
324
667
506
89
-329
-384
-652
-1851
-4178
-6979
-8869
-9329
-9475
-9809
-8988
-7836
-8089
-9345
-10528
-10960
-10457
-9765
-9804
-10404
-10814
-10447
-9563
-8816
-7856
-6547
-5576
-5214
-5558
-6284
-6742
-6517
-6140
-6560
-7440
-8091
-8214
-7838
-7452
-6227
-4267
-2863
-2192
-2281
-2797
-3360
-3573
-3700
-4436
-5265
-5707
-5496
-5132
-4298
-2120
-210
518
248
-372
-682
-928
-1365
-2989
-5450
-7420
-8558
-9359
-8719
-5075
-2185
-1998
-1765
-516
-1549
1039
5162
-2180
-8433
-7706
-7231
-10121
-8713
2531
7476
1686
1291
9359
11272
5581
1297
-680
-5978
-13821
-16904
-15672
-6316
3395
-884
-4982
4147
11495
6723
2670
2802
-745
-10709
-17017
-16189
-11633
0
3892
-2714
-67
11147
11556
5723
4999
3428
-5037
-14853
-16573
-14456
-4538
5574
592
-2318
8856
14840
8867
6654
6720
266
-10749
-14852
-13933
-6411
6896
5095
-955
8624
17902
12964
9178
9227
3645
-7992
-15405
-15631
-8331
5533
5140
-2239
6760
17396
12780
8501
8916
3530
-8985
-15964
-15568
-8914
5269
5578
-1597
7563
18434
14037
9931
9663
3424
-8891
-15962
-16249
-7730
7147
4595
-2857
8131
18331
13118
9681
10258
4038
-8445
-14191
-13449
-2903
10471
4266
-2206
9920
17796
11129
8183
7763
-361
-12203
-17142
-15520
-808
9842
-262
-2239
13051
17666
10135
10060
9457
-1463
-11972
-15470
-10053
7431
9643
-2805
2014
17234
15624
8500
9210
4733
-7818
-16539
-18085
-5759
9069
927
-7072
5994
15992
8476
4512
5429
-3180
-14994
-20503
-16235
2859
7949
-5188
-2623
14097
15047
6341
6525
3193
-9039
-17762
-19275
-5198
9856
856
-6808
6186
16424
8982
4448
4448
-4667
-15520
-20558
-11532
8314
6406
-6561
270
15324
12474
4083
4661
-937
-13368
-20639
-17976
1044
8861
-4281
-5286
11114
15594
5906
3627
1021
-10186
-19953
-21284
-5165
7903
-2578
-9030
4330
14803
7314
2398
2304
-6830
-17444
-21449
-9918
6751
1114
-9148
-367
13993
10438
2994
3410
-2932
-13595
-19404
-9689
7866
3983
-7579
-2219
12339
11304
2233
1497
-3573
-14001
-20840
-13096
4135
2825
-8020
-4854
9318
11537
2827
1770
-1893
-11683
-18265
-12404
3375
4788
-4846
-3909
8858
12995
5121
3033
-182
-9478
-16199
-11439
2880
5481
-3142
-3558
7744
12839
5823
2704
-360
-9088
-15865
-12622
12
4223
-2961
-4863
4854
11355
5917
2265
-216
-8058
-14993
-13156
-2212
3884
-1003
-4198
3579
11541
7784
3397
1174
-5845
-12871
-13058
-3928
3879
1300
-3181
1917
11038
9569
4006
1856
-4203
-11290
-13343
-7373
1120
2377
-1999
-373
8655
10453
5129
2639
-2323
-9474
-13184
-9780
-1057
3396
77
-1336
6279
11803
7571
4011
904
-5786
-11479
-11696
-4843
2577
2549
-1346
2335
10548
9812
4767
2373
-2650
-8888
-12304
-9956
-2203
3676
1056
-1293
5953
11549
7534
3804
525
-5111
-10223
-11779
-7310
1239
4433
-68
862
9599
11086
6115
3098
-1335
-6575
-10598
-10714
-5732
2339
3658
-893
2231
10083
9167
4614
1418
-3517
-8366
-11454
-10434
-3883
3861
2644
-1075
4778
11363
8326
4131
296
-4128
-8434
-10801
-9010
-1249
5480
2086
-142
7060
11769
7680
3605
-590
-5144
-9369
-11080
-8227
159
5218
839
440
8901
11215
6551
2560
-2132
-6531
-10065
-10803
-6486
3144
5333
186
2597
11007
11266
6341
2072
-2489
-6976
-10597
-10452
-3809
5321
4107
-820
4548
11966
9466
4541
344
-4078
-8833
-12032
-10688
-2269
5693
2277
-1171
5788
12130
8592
3756
-202
-4684
-9193
-11683
-9463
236
7053
2058
317
9072
12922
8256
3240
-1256
-5378
-9605
-11679
-7824
3557
7012
86
1267
10861
11908
6554
1689
-2813
-6845
-10808
-12104
-5414
5797
5345
-1109
3906
12625
10945
5563
439
-3700
-7532
-10971
-10666
-1149
7736
3591
-741
6975
13615
9690
4119
-867
-5007
-8979
-12058
-8934
2247
6887
563
-179
9624
12808
7294
2035
-2900
-7018
-10814
-12497
-4857
6153
4934
-1391
2927
12694
11825
5589
538
-4129
-7987
-11880
-10659
655
7653
1841
-1347
7816
13472
8762
2807
-2498
-6572
-10654
-13286
-5800
5733
5026
-1873
1785
12086
11829
5502
30
-4831
-8644
-12438
-9377
2426
7017
1125
-803
9064
14170
8727
2986
-2885
-7074
-11093
-11360
-632
7284
2934
-1812
5372
13701
10278
4018
-1663
-6578
-10380
-12113
-4209
5444
4304
-1338
2174
12289
11963
5815
116
-5847
-9678
-11802
-5560
4727
5418
-398
1144
11247
12841
6956
1189
-5183
-9675
-12233
-6576
3840
5117
-689
-495
9560
12780
6972
1290
-5252
-10167
-12920
-7368
3527
5029
-744
-913
9001
13166
7563
1804
-4558
-9586
-12310
-6942
3782
5531
-199
-616
9256
13618
7913
1833
-4830
-9805
-12397
-7193
3370
4928
-868
-900
8850
12860
7252
1304
-5243
-10085
-12383
-7301
2930
4855
-565
-539
9293
13141
7515
1204
-5601
-10214
-12020
-6130
3577
4571
-727
213
9978
12512
6574
432
-6357
-10824
-12456
-6776
2675
3747
-1321
171
9690
11592
5938
-354
-7136
-10930
-12176
-6514
2695
3904
-816
1173
10506
12003
6451
-58
-6658
-10277
-11890
-6087
3524
4521
-610
1644
10890
11796
6104
-670
-7101
-10498
-12296
-7077
2717
4359
-749
1353
10598
11611
5979
-928
-7357
-10348
-12016
-7155
2975
5008
-154
2114
11090
12045
6472
-664
-6929
-9840
-11600
-7033
2970
5187
-38
1798
10887
11805
6176
-1129
-7521
-10060
-11708
-7754
1988
4935
81
1752
10409
11633
6430
-976
-7470
-9921
-10960
-6981
2403
5353
870
2902
11049
11988
6908
-731
-7150
-9626
-10622
-6702
2346
5187
742
2841
10613
11121
5968
-1732
-8204
-10355
-10701
-6956
1404
4331
516
3194
10445
10616
5776
-2089
-8470
-10521
-10629
-6394
2220
4827
844
3956
11089
10932
5869
-2325
-8725
-10676
-10576
-6482
1866
4236
574
4072
10478
9937
5041
-3190
-9502
-11286
-11080
-6250
2537
4026
382
4864
11227
10199
4788
-3679
-9249
-10656
-10311
-4731
3965
4396
978
5941
11921
10465
4738
-3781
-9194
-10746
-10110
-3829
4203
3525
425
6146
11821
9713
3655
-4658
-9600
-10820
-9931
-3897
3811
3246
940
6741
11349
9216
3179
-4926
-9379
-10505
-9604
-4033
3641
3395
1168
6817
11000
8817
3042
-5316
-9994
-11249
-10279
-4370
3088
2582
705
6452
10411
8165
2320
-5907
-10523
-11535
-10359
-4033
3765
2819
802
6843
11081
8741
2572
-5556
-9787
-10576
-9330
-3483
3780
3162
1460
7212
10911
8519
2764
-5377
-10012
-10798
-9345
-3780
3136
2670
1654
7270
10360
8069
2447
-5317
-9670
-10559
-9134
-3648
3498
3413
2287
7752
10764
8616
3122
-4719
-9129
-10034
-8611
-3466
3546
3696
2568
7588
10160
7960
2568
-5296
-9786
-10593
-8989
-3956
2783
3065
2069
7082
9650
7593
2296
-5361
-9760
-10764
-8709
-3125
3266
3123
2481
7711
10029
7786
2316
-5239
-9101
-9709
-7777
-3005
2792
3147
2844
7575
9325
7016
1666
-6037
-10179
-10488
-7558
-1921
2785
2047
2788
8131
9310
6500
658
-6562
-9815
-9688
-6252
-613
3205
3056
5049
8948
8894
5979
-159
-7019
-9988
-9404
-4860
1217
3383
2601
5668
9036
8160
4253
-2727
-8528
-10576
-8702
-3183
1869
2626
2860
6898
9161
7297
2757
-4306
-9097
-10163
-7051
-1030
2991
2796
4063
8345
9296
6646
1261
-5677
-9753
-9814
-5386
215
2690
2263
4738
8372
7893
4791
-1018
-7456
-10587
-9508
-4211
699
2013
2247
5843
8680
7179
3734
-2147
-7766
-10194
-8301
-2951
1507
2582
3201
7015
8890
6947
3185
-3205
-8396
-10296
-7725
-2229
1513
1983
3192
7054
8096
5959
2058
-4136
-8874
-10218
-7161
-2211
1293
2321
4085
7627
8119
5983
2196
-4020
-8662
-9678
-6345
-1267
2093
2813
4669
8197
8287
5901
1952
-4156
-8437
-9649
-6636
-1945
1411
2471
4367
7660
7706
5476
1560
-4663
-9115
-9885
-6337
-1789
1441
2732
4767
8029
7982
5811
2028
-4174
-8550
-9360
-6040
-1519
1899
3068
5041
8151
7868
5706
1916
-4340
-8937
-9975
-6794
-2297
1147
2358
4362
7566
7395
5164
1512
-4464
-9020
-10294
-7355
-2570
1413
2610
4346
7768
8048
6018
2271
-3884
-8399
-9769
-7265
-2816
1424
3096
4489
7627
8101
6162
2703
-3526
-8539
-10151
-7987
-3817
665
2908
4161
7158
7968
6300
3297
-2616
-7931
-10165
-8575
-4325
892
3500
4143
7182
8661
7160
4275
-1578
-7228
-9851
-8903
-5047
256
3372
3665
6345
8198
6893
4231
-1355
-7346
-10323
-9977
-6628
-1005
3109
3197
5240
7793
7318
4973
-364
-6544
-9782
-9787
-6843
-1398
3443
3745
5271
8197
8119
6052
1380
-5091
-8923
-9679
-7359
-2551
2605
3698
4652
7452
7770
6043
2175
-4270
-8924
-10430
-8452
-3698
1806
3379
3954
7049
8078
6465
3089
-2854
-7826
-10014
-8781
-4560
969
3475
3724
6521
8159
6751
3967
-1555
-7253
-10207
-9753
-6150
-1186
2365
2831
5097
7382
6558
4336
-314
-6297
-9862
-10261
-7317
-2707
1840
3136
4787
7489
7343
5701
2113
-4047
-8600
-9798
-7495
-3550
1388
3686
4754
7378
7819
6372
3537
-2442
-7840
-10087
-8807
-5183
-414
2836
3829
6251
7589
6385
4159
-909
-6675
-9722
-9366
-6279
-1761
2510
3816
5809
7894
7333
5573
1365
-4891
-8778
-9417
-6822
-2571
2020
3648
5020
7575
7518
5905
2404
-3899
-8583
-10157
-8071
-3877
732
2838
3949
6826
7643
6134
3404
-2316
-7558
-9843
-8369
-4211
284
2998
4021
6758
8246
6943
4639
-500
-6374
-9417
-8633
-4680
-586
2235
3427
5988
7839
6553
4535
429
-5691
-9540
-9618
-5926
-1885
1253
2792
5094
7557
6884
5113
1850
-4239
-8771
-9729
-6637
-2315
1141
2892
4811
7506
7638
5912
3249
-2310
-7436
-9595
-7541
-3265
261
2378
3919
6752
7687
6031
4010
-835
-6728
-9757
-8694
-4457
-523
1983
3461
6257
7950
6670
4879
1014
-5086
-9004
-9025
-5305
-1341
1679
3171
5510
7953
7244
5432
2235
-4052
-8915
-10089
-6735
-2502
250
1896
4235
7203
7165
5253
2848
-2647
-8244
-10415
-8005
-3580
-472
1589
3948
7077
7757
6131
4409
-203
-6314
-9750
-8796
-4501
-627
2038
3677
6451
8076
6736
4951
1098
-5543
-9918
-10094
-6257
-1888
1129
2588
5214
7705
6890
5023
1665
-4778
-9623
-10432
-7069
-2474
1165
2778
5076
8073
7905
6157
3304
-2877
-8417
-10105
-7058
-2308
1261
2905
4888
8143
8438
6450
3842
-1991
-8114
-10501
-7952
-3037
914
2665
4179
7632
8458
6485
4178
-1516
-7988
-10686
-8353
-3415
201
2110
3842
7263
8219
6201
3999
-1478
-8382
-11472
-8934
-3686
-75
1782
3612
7146
8051
5926
3824
-1587
-8576
-11491
-8450
-3107
269
1922
3944
7811
8532
6294
4128
-1740
-8741
-11046
-7535
-2287
637
2070
4420
8198
8283
5903
3458
-2917
-9772
-11505
-7330
-2212
484
1654
4192
7915
7285
4918
2235
-4616
-10965
-11277
-6189
-1387
1010
2205
5552
8887
7373
5454
2458
-4878
-10293
-8894
-3120
1157
2863
4265
8455
10910
8760
6875
2363
-5592
-9667
-6860
-1492
1955
2861
3975
8162
9121
6239
3581
-2631
-10222
-11989
-7344
-2015
643
1005
3799
8322
7606
5250
2215
-4930
-10474
-9101
-3497
1128
2635
2912
6821
9378
7087
4535
-418
-7529
-10026
-5727
669
4473
4437
6158
10942
11151
8284
4417
-2199
-6893
-5603
-193
4985
6419
5886
8756
10817
8490
4500
-1429
-6605
-7426
-4447
-314
2570
3288
3977
4967
4135
2357
-475
-3823
-5814
-5895
-3946
-1069
1189
2296
3008
3080
2836
2176
190
-2379
-3760
-3030
-902
1872
3531
3773
3450
2624
1849
336
-2361
-4622
-5138
-3645
-621
1801
2472
2224
1347
673
-223
-2525
-5007
-6103
-5085
-2170
584
1592
1400
595
-61
-627
-2476
-4915
-6235
-5657
-3072
33
1616
1749
1091
369
-52
-1533
-3868
-5374
-5066
-2634
537
2305
2537
1877
986
359
-1207
-3649
-5218
-4948
-2592
480
2130
2263
1520
555
-243
-1980
-4352
-5706
-5225
-2737
221
1694
1695
761
-360
-1442
-3435
-5672
-6631
-5619
-2764
-24
1061
756
-395
-1547
-2940
-5258
-7220
-7552
-5866
-2769
-444
199
-405
-1578
-2598
-4144
-6292
-7483
-6826
-4046
-543
1620
2103
1337
355
-749
-2799
-4763
-5168
-3319
287
3227
4294
3528
2311
1019
-1036
-4293
-8529
-6038
4369
9680
6760
4709
5784
6242
-863
-11243
-12039
-4249
5098
6000
2905
6671
8521
4935
-4308
-13045
-10402
-3050
3198
3816
4065
8920
7609
3103
-4282
-12319
-10590
-2841
5333
4790
4243
8681
7078
1847
-8612
-14055
-8253
-77
5006
3299
6495
9020
4768
-566
-10315
-13061
-6869
2025
5957
4051
7667
7674
3742
-4327
-13222
-10437
-3247
4071
5500
6256
9056
6203
2018
-7379
-12854
-8671
-530
6703
5510
7149
8032
4748
-1936
-11708
-11710
-6118
2645
6664
5738
7876
6337
2627
-6506
-12544
-9459
-2246
6507
6517
7023
8105
5553
-685
-10260
-10931
-6040
3020
7932
6590
8028
6867
3128
-5849
-11600
-9725
-2749
7159
6796
5975
7186
5082
-1558
-10680
-11438
-7199
2483
7662
5711
6832
6090
2280
-6738
-11872
-10045
-2718
7108
6631
6076
6984
4759
-2149
-10854
-11482
-7412
2693
7466
5058
5948
5500
1529
-7711
-12259
-10610
-3202
6559
5786
4997
6007
4068
-2756
-10547
-11267
-7681
3270
9126
5258
5228
5690
1417
-7067
-10993
-9733
-2048
8652
7329
4606
5816
4071
-3204
-10269
-10933
-7306
3768
8389
4272
4287
4423
-48
-8498
-12018
-10706
-2397
7800
5722
3480
4865
2842
-4524
-11001
-11355
-7085
4401
8142
4214
4782
4828
119
-7977
-10870
-9292
-871
7499
5661
5163
5804
3592
-3616
-10272
-10382
-6168
4493
8226
4837
5084
5112
742
-7545
-10483
-8692
-1070
8181
6972
4884
5630
4152
-2729
-9145
-9114
-5168
4883
9104
5975
6188
5977
1812
-5834
-9405
-7853
-812
8206
7515
5306
5888
4271
-2172
-8895
-9501
-6102
3319
8442
5602
5215
5256
1703
-5804
-9575
-8269
-2159
7070
7656
5360
5677
4705
-994
-7941
-8897
-5752
3027
8731
6335
5570
5635
2531
-4948
-9246
-7998
-2340
6649
7549
5129
5379
4234
-1273
-8144
-9159
-6133
2109
8180
6226
5287
5246
2181
-4971
-9128
-7588
-1958
6562
7922
5849
5869
4523
-1025
-7706
-8660
-5246
2906
8284
6305
5355
5089
1538
-5838
-9640
-7977
-1467
6777
6840
4948
4992
3091
-3244
-9469
-9283
-4485
4410
7707
5230
4942
4276
-255
-7579
-9721
-6577
1549
8135
6359
4974
4835
1765
-5380
-9936
-8594
-1879
6972
7176
4499
4504
2894
-3539
-9894
-9876
-4859
4439
7718
4902
4487
3993
-974
-8277
-10194
-6951
1862
8299
6101
4814
4921
1613
-5720
-9834
-8096
-714
7786
7203
4796
4913
2895
-3548
-9328
-9419
-3804
5659
7624
4504
4267
3496
-1831
-8586
-10210
-6083
3552
8127
5085
4152
4077
-85
-7259
-10126
-7128
1758
8396
6209
4494
4602
1414
-5473
-9722
-8183
-193
7867
6710
4193
4393
2061
-4812
-9985
-9144
-1904
6803
6690
3803
3849
2140
-4017
-9534
-9296
-2758
6078
6914
3892
3786
2539
-3076
-8651
-8928
-2955
5864
7311
4274
3913
2788
-2479
-8092
-8859
-3446
5266
7126
3990
3414
2560
-2387
-8018
-8902
-3700
4381
6359
3736
3272
2548
-2039
-7358
-8429
-3655
4072
6226
3995
3506
2925
-1153
-6491
-7883
-3311
4228
6428
4158
3458
2932
-1016
-6409
-7963
-3584
3777
5891
3594
2875
2463
-1298
-6541
-8242
-4117
3216
5549
3459
2794
2547
-905
-6163
-8085
-4045
3268
5758
3736
3123
3133
-348
-5687
-7512
-3646
3189
5577
3838
3294
3075
-396
-5587
-7481
-4007
2422
4995
3517
2852
2741
-329
-5420
-7727
-4793
1856
5116
3703
2896
2960
278
-4810
-7582
-5141
1526
5314
4149
3174
3315
1163
-3919
-7237
-5646
429
4733
4004
2904
2978
1213
-3610
-7432
-6814
-1346
3717
3714
2473
2464
1437
-2765
-6956
-7231
-2569
3143
3994
2692
2738
2289
-1184
-5669
-6952
-3248
2723
4740
3559
3180
3020
289
-4484
-6841
-4373
1538
4747
3782
3038
2975
852
-3776
-6914
-5586
-75
4197
3941
3049
3106
1762
-2447
-6274
-6200
-1453
3788
4514
3439
3342
2618
-986
-5333
-6389
-2547
3270
4919
3602
3205
2825
-223
-4834
-6850
-3981
2003
4660
3458
2832
2746
349
-4272
-7068
-5182
724
4539
3891
3004
3010
1331
-3223
-6749
-5855
-347
4562
4595
3476
3526
2411
-1777
-5934
-6217
-1417
4220
5083
3751
3589
2977
-730
-5353
-6771
-3039
3067
5077
3878
3419
3078
-9
-4832
-7113
-4348
2070
5229
4073
3267
3193
720
-4269
-7329
-5519
815
5094
4315
3190
3102
1141
-3801
-7648
-6869
-846
4530
4393
2980
2779
1234
-3455
-7729
-7770
-2348
3892
4728
3151
2827
1887
-2256
-6953
-8021
-3399
3647
5523
3789
3240
2724
-976
-6066
-7985
-4181
3348
6256
4385
3406
3004
-336
-5685
-8353
-5441
2135
6146
4451
3059
2739
-160
-5547
-8669
-6654
625
5853
4846
3275
3061
757
-4568
-8357
-7299
-392
6044
5750
3846
3627
1880
-3263
-7626
-7585
-1548
5710
6262
3981
3469
2257
-2331
-7278
-8307
-3324
4463
6266
3851
3134
2417
-1697
-6919
-8722
-4737
3405
6637
4417
3339
2903
-525
-5885
-8554
-5710
2324
7033
5315
3742
3520
858
-4604
-8133
-6557
838
6801
5782
3786
3606
1619
-3677
-8061
-7835
-1292
5924
6038
3695
3356
2069
-2771
-7654
-8340
-2767
5028
6342
3984
3394
2535
-1625
-6721
-8435
-4159
4080
6948
4604
3528
3019
-520
-6011
-8714
-5681
2418
6718
4644
3066
2772
-71
-5474
-8902
-7243
245
6006
4895
3020
2782
863
-4192
-8411
-8124
-1542
5576
5677
3525
3255
2091
-2509
-7344
-8171
-2844
4926
6435
4090
3469
2700
-1299
-6390
-8365
-4660
3287
6526
4340
3222
2955
-59
-5401
-8431
-6168
1534
6562
5105
3572
3439
1221
-3929
-7693
-6851
-222
6274
6153
4222
3889
2519
-2130
-6768
-7392
-2263
4905
6337
4226
3568
2818
-1164
-6200
-8205
-4953
2383
5772
4129
3045
2679
-213
-5223
-8171
-6427
364
5439
4773
3336
3087
1287
-3286
-7145
-7013
-1276
5196
5843
4094
3685
2701
-1553
-6344
-7672
-3456
3781
6057
4199
3356
2787
-719
-5832
-8286
-5651
1523
5678
4476
3292
3091
613
-4476
-7865
-6759
-196
5628
5483
3965
3679
2089
-2665
-6936
-7161
-1749
5147
6188
4197
3529
2489
-1725
-6605
-8084
-3910
3567
5875
3812
2851
2264
-1228
-6452
-8828
-5791
1813
5770
4124
2853
2538
-415
-5662
-8647
-6640
751
6067
5041
3437
3140
809
-4446
-8206
-7190
-359
5849
5408
3452
3108
1181
-4106
-8415
-8119
-1833
5009
5330
3288
2775
1329
-3505
-8154
-8556
-2905
4789
6098
3831
3189
2104
-2421
-7374
-8407
-3362
4903
7092
4635
3767
2936
-1391
-6791
-8570
-4493
4062
7393
4897
3632
2944
-989
-6719
-9334
-6097
2700
7307
5044
3414
2977
-338
-6177
-9153
-6685
1616
7454
5746
3825
3562
787
-4997
-8645
-7162
660
7660
6651
4293
3852
1522
-4049
-8433
-7986
-998
6916
6947
4149
3496
1838
-3206
-8085
-8756
-2963
5741
7348
4515
3675
2694
-1755
-7086
-8727
-4351
4449
7857
5389
4114
3516
-157
-5668
-8419
-5634
2758
7784
5862
4047
3561
787
-4630
-8446
-7525
-172
6695
6030
3631
3187
1455
-3558
-8261
-8928
-2884
5551
6757
3943
3172
2317
-2032
-7292
-9145
-4865
3996
7382
4827
3522
3149
-216
-5815
-8972
-6605
1757
7267
5542
3643
3491
1049
-4571
-8740
-8186
-1035
6384
6119
3663
3226
1703
-3215
-8119
-8965
-3391
5008
6564
3905
3157
2389
-1744
-7133
-9079
-5118
3535
7105
4628
3354
2929
-502
-6154
-9061
-6808
1126
6655
5039
3094
2716
272
-5183
-8949
-8007
-1267
5604
5590
3499
3047
1581
-3194
-7827
-8434
-3183
4731
6595
4411
3614
2851
-1111
-6288
-8225
-4849
3195
7130
5103
3688
3194
61
-5288
-8311
-6602
630
6375
5347
3424
3043
944
-4273
-8252
-7741
-1574
5564
6150
4001
3447
2162
-2498
-7235
-8068
-3402
4620
7187
4975
3961
3336
-424
-5869
-8211
-5307
2597
7158
5441
3857
3364
531
-4950
-8570
-7479
-444
6112
5648
3547
3152
1456
-3658
-8161
-8438
-2745
5168
6505
4153
3573
2736
-1572
-6741
-8307
-4254
3976
7357
5231
4031
3513
71
-5474
-8334
-6150
1579
7056
5652
3694
3155
618
-4882
-8840
-7990
-1138
5752
5645
3498
3063
1462
-3621
-8338
-8827
-3321
4681
6379
4109
3441
2530
-1829
-6991
-8604
-4649
3487
6933
4904
3673
3087
-364
-5844
-8622
-6247
1503
6693
5260
3578
3250
726
-4793
-8570
-7604
-655
6231
6050
3978
3537
1764
-3346
-7916
-8263
-2644
5355
7002
4655
3833
2742
-1777
-7059
-8763
-4629
3882
7278
4984
3706
3171
-507
-6315
-9163
-6519
1893
7268
5505
3669
3410
649
-5269
-9035
-7575
338
7269
6328
3993
3636
1658
-3872
-8402
-8301
-1542
6674
7085
4326
3684
2272
-2941
-8335
-9369
-3919
5108
7203
4238
3212
2166
-2429
-8152
-10118
-5981
3451
7462
4673
3296
2711
-1001
-6967
-9869
-6866
2515
8322
5918
3975
3768
695
-5417
-9169
-7397
1568
8831
6945
4250
3914
1430
-4745
-9278
-8452
-367
7946
6956
3715
3276
1331
-4559
-9494
-9676
-2624
6841
7379
3968
3122
1779
-3560
-9140
-10220
-4021
6450
8406
4762
3678
2695
-2198
-8168
-10067
-4966
5858
9148
5276
3713
3009
-1328
-7630
-10431
-6598
4272
9155
5291
3250
2849
-986
-7377
-10695
-7853
2869
9315
5935
3382
3048
-68
-6347
-10235
-8338
2055
9940
7041
3971
3716
1027
-5320
-9801
-8896
533
9493
7525
4092
3607
1282
-4939
-9980
-9949
-1532
8491
7709
3895
3324
1567
-4226
-9568
-10209
-2980
7786
8481
4449
3711
2477
-2701
-8359
-9944
-4026
7254
9683
5484
4156
3323
-1415
-7574
-9928
-5579
5470
9755
5715
3766
3069
-1021
-7278
-10518
-7700
3022
9407
5916
3384
3058
-214
-6520
-10476
-8977
987
9304
6828
3638
3463
1081
-5211
-9785
-9357
-653
8889
7641
3980
3485
1613
-4218
-9460
-10065
-2742
7630
7924
3888
3116
1774
-3445
-8985
-10603
-4663
6574
8806
4625
3408
2619
-2102
-8038
-10166
-5587
5585
9769
5896
4118
3483
-501
-6638
-9826
-6906
3840
9937
6408
3804
3401
321
-6036
-10217
-8835
1044
9055
6495
3292
2873
727
-5209
-10113
-9955
-1207
8520
7450
3683
3151
1767
-3702
-9039
-9975
-2742
8186
8906
4728
3799
2819
-2106
-8039
-10106
-4559
6733
9487
5201
3679
2953
-1481
-7751
-10551
-6556
4526
9322
5450
3372
2984
-526
-6776
-10486
-8150
2550
9469
6165
3455
3258
520
-5577
-9954
-8810
800
9273
7134
3753
3304
1173
-4613
-9612
-9704
-1205
8607
7703
3720
3028
1587
-3824
-9292
-10407
-3354
7448
8369
4188
3085
2046
-2737
-8536
-10592
-4938
6322
9079
4821
3321
2617
-1606
-7524
-10423
-6345
4860
9408
5341
3211
2751
-820
-6889
-10527
-7824
2982
9291
5740
3054
2771
-193
-6273
-10457
-8644
1682
9473
6666
3435
3106
672
-5190
-9788
-9052
461
9566
7764
4071
3585
1666
-4118
-9340
-9576
-1049
8883
8098
4069
3391
1783
-3741
-9372
-10601
-3200
7598
8260
3967
2952
1819
-3206
-9021
-10844
-4461
6736
8765
4406
3044
2387
-2133
-8125
-10625
-5325
6111
9516
5239
3403
2848
-1364
-7580
-10647
-6509
4755
9524
5477
3103
2518
-1207
-7444
-11086
-7925
3021
9180
5717
2989
2572
-593
-6692
-10865
-8778
1801
9315
6548
3421
3052
355
-5720
-10314
-9138
1046
9685
7410
3723
3104
812
-5211
-10340
-9991
-88
9523
7556
3455
2897
920
-5139
-10494
-10500
-1007
9403
8124
3844
3180
1392
-4529
-10168
-10630
-1382
9754
9037
4445
3641
2164
-3642
-9552
-10595
-1933
9689
9462
4508
3483
2173
-3588
-9707
-11120
-2905
8983
9260
4235
3090
1872
-3817
-10009
-11498
-3707
8548
9627
4564
3199
2047
-3468
-9705
-11582
-4225
8655
10418
5077
3452
2410
-3015
-9527
-11721
-4797
8213
10453
5047
3242
2236
-3253
-10009
-12656
-5866
8011
10568
4887
2936
2063
-3137
-9863
-12618
-5780
8466
11200
5217
3214
2598
-2627
-9445
-12071
-5047
9267
11915
5944
3958
3064
-2536
-9378
-11940
-5053
9248
11855
5850
3714
2547
-3171
-9989
-12644
-5692
8857
11422
5273
3180
2166
-3416
-10136
-12653
-6057
8365
11323
5325
3280
2324
-3187
-9981
-12434
-6025
8298
11632
5688
3459
2414
-3022
-9863
-12627
-6746
7744
11712
5693
3133
2221
-2814
-9822
-12989
-7556
7176
11982
6089
3407
2624
-2277
-9365
-12592
-7898
6557
12457
6928
4009
3188
-1467
-8695
-12142
-8164
5822
12611
7277
3952
3142
-1271
-8576
-12422
-9286
4503
12311
7181
3582
2868
-1192
-8588
-12613
-9976
3285
12250
7778
3909
3136
-486
-7900
-12215
-10328
1984
12298
8767
4472
3698
636
-6684
-11591
-10841
46
11621
9389
4603
3462
1049
-5916
-11559
-12006
-2644
10370
9899
4534
3147
1509
-4707
-10915
-12283
-4704
9096
10904
5340
3580
2362
-3159
-9687
-11687
-6256
7227
11900
6782
4230
3215
-1407
-8406
-11716
-8529
4335
12048
7665
4168
3171
-459
-7547
-11922
-10609
682
11216
8510
4176
3275
795
-5936
-11295
-11558
-2620
9916
9999
5091
3874
2336
-3607
-9821
-11470
-5280
7923
11476
6541
4410
3424
-1261
-8213
-11480
-8179
4625
12102
7772
4404
3667
489
-6617
-11348
-10404
887
11908
9330
4787
3976
1957
-4754
-10720
-11582
-2860
10306
10736
5448
3996
2887
-2821
-9684
-12182
-6720
7197
11563
6110
3706
3123
-1210
-8626
-12439
-9634
3218
11549
7212
3731
3202
177
-6918
-11875
-11150
-510
10910
8980
4405
3625
1745
-4723
-10593
-11785
-4106
9331
10800
5462
3839
2723
-2526
-9432
-12237
-7572
5787
11379
6342
3442
2726
-1110
-8267
-12523
-10558
1448
10906
7389
3367
2800
441
-6396
-11882
-11874
-2103
9950
9064
4260
3364
2116
-3719
-10060
-11910
-5288
8215
11075
5709
3786
3034
-1501
-8472
-11838
-7949
4985
11543
6830
3750
3312
-13
-7135
-11589
-10180
1153
11249
8386
4200
3544
1305
-5375
-10834
-11260
-2173
10302
10101
5212
4053
2521
-3286
-9599
-11419
-4705
8445
11017
5819
3852
2938
-1934
-8897
-12099
-7711
5629
11221
6086
3298
2901
-976
-8124
-12156
-9496
3497
11763
7238
3578
3185
290
-6746
-11429
-9882
1795
11758
8533
4322
3745
1420
-5377
-10737
-10630
-750
10773
9319
4457
3402
1636
-4698
-10663
-11564
-3608
8792
9576
4563
3126
1878
-3660
-9822
-11704
-5854
7078
10472
5499
3414
2673
-1745
-8296
-11266
-7381
5193
11311
6731
3820
3148
-482
-7281
-11390
-9205
2207
10676
7229
3431
2669
-49
-6567
-11452
-10977
-1257
9431
8077
3722
2773
856
-5119
-10720
-11811
-4057
8321
9552
4741
3210
2179
-2976
-9442
-11686
-6020
6820
10678
5681
3489
2737
-1669
-8429
-11647
-8123
4081
10722
6451
3448
2824
-626
-7337
-11610
-9928
1254
10667
7754
3807
3107
666
-5646
-10752
-10781
-1389
10134
9433
4752
3672
2155
-3630
-9695
-11132
-3959
8527
10449
5429
3780
2807
-2082
-8738
-11556
-6698
5740
10685
6200
3791
3140
-677
-7374
-11208
-8454
3236
11017
7553
4230
3695
1109
-5287
-10136
-9495
397
10675
9064
4791
3882
2067
-3923
-9763
-10833
-3081
8641
9374
4549
3101
1910
-3336
-9723
-11965
-6223
6118
9698
5101
3128
2576
-1518
-8084
-11494
-7719
4502
10882
6825
4065
3708
556
-6058
-10539
-8596
2385
10909
8069
4424
3825
1343
-5054
-10187
-9956
-564
9907
8676
4350
3517
1785
-4034
-9911
-11053
-3078
8822
9670
4884
3538
2408
-3034
-9401
-11524
-5047
7698
10521
5508
3475
2629
-2177
-8921
-11863
-7108
5655
10554
5566
2912
2306
-1853
-8852
-12624
-9262
3334
10271
5795
2601
2138
-1175
-8049
-12483
-10280
1841
10849
7207
3263
2838
285
-6383
-11272
-10386
450
11297
9024
4449
3749
1718
-4805
-10621
-11068
-1586
10632
10055
4873
3553
2004
-4157
-10485
-12006
-4090
9295
10602
5030
3289
2233
-3267
-10070
-12526
-6002
8018
11245
5583
3302
2595
-2341
-9502
-12540
-7497
6704
11953
6257
3387
2684
-1684
-8841
-12702
-9121
4826
12141
6805
3097
2417
-1068
-8244
-12841
-10675
2668
12264
7830
3410
2698
-170
-7212
-12422
-11514
747
12165
8962
3919
3067
840
-6053
-11824
-11939
-766
12026
9948
4381
3284
1414
-5165
-11453
-12536
-2430
11488
10613
4494
3199
1949
-4121
-10792
-12812
-4057
11006
11986
5614
3864
2831
-2893
-9809
-12433
-4737
11023
13505
6891
4759
3920
-1543
-8763
-12074
-5640
10372
14212
7449
4747
3832
-1311
-8748
-12772
-7571
8666
14072
7218
3952
3191
-1641
-9156
-13379
-8803
7161
13627
7586
4181
3312
-1488
-8996
-13138
-9197
6535
13957
8426
4759
3704
-813
-8635
-13153
-10261
5390
14529
8457
4041
3230
-628
-8337
-13337
-11379
3227
13859
8651
3829
2971
-450
-7852
-13057
-12157
1414
13351
9213
4047
3004
344
-6817
-12663
-12762
-475
12911
9982
4006
2751
705
-6267
-12680
-13866
-3013
11705
10231
3709
2138
560
-5961
-12742
-14696
-5180
10587
10947
4180
2328
1221
-4638
-11676
-14250
-6369
9799
12342
5529
3242
2551
-2598
-10010
-13500
-7549
8423
13186
6505
3561
2896
-1632
-9089
-13191
-9281
5671
12812
6970
3201
2610
-1093
-8571
-13125
-10662
3304
12616
7744
3459
2826
-138
-7284
-12281
-10950
1322
12228
9010
4213
3341
1191
-5385
-10916
-11184
-1299
10952
9898
4661
3283
1790
-4049
-10204
-11585
-4159
8488
10252
5093
3217
2262
-2561
-8954
-11401
-6165
6246
10791
6305
3815
3096
-670
-7198
-10653
-7726
3580
11012
7699
4357
3501
567
-5888
-10448
-9504
60
9757
8357
4172
2937
1028
-4769
-10267
-11077
-3643
7563
8796
4439
2744
1542
-3359
-9333
-11327
-6396
4992
9300
5425
3119
2222
-1570
-7787
-11042
-8134
2502
9434
6494
3265
2363
-410
-6536
-10821
-9766
-695
8188
6932
3238
2158
212
-5363
-10344
-10717
-3456
6775
7868
4089
2620
1388
-3392
-8891
-10377
-5134
5291
8915
5697
3675
2750
-1126
-6989
-9610
-6414
3238
9116
6856
4340
3443
405
-5425
-9147
-7957
375
8386
7731
4677
3556
1534
-3969
-8499
-8562
-1918
7292
8630
5542
4076
2620
-2055
-7183
-8565
-3784
5757
9376
6627
4575
3566
-210
-6084
-8953
-6178
3023
8949
6868
4250
3228
229
-5710
-9607
-8583
-586
7426
7025
4045
2833
864
-4468
-9414
-10032
-3466
6137
7845
4655
3167
2067
-2633
-8307
-10132
-5284
4939
8819
5765
3708
2748
-1116
-7079
-10111
-7039
2963
9077
6651
3917
3092
84
-6011
-10038
-8638
811
9261
7931
4625
3663
1389
-4574
-9513
-9235
-626
9446
9560
5783
4518
2910
-2649
-8310
-9438
-2274
8987
10766
6615
4858
3639
-1412
-7587
-9936
-4432
7784
11707
7367
4953
4075
-310
-6951
-10281
-6088
6687
12594
8115
4893
4012
133
-6742
-10950
-8040
4820
12493
8088
4200
3233
-204
-7238
-12359
-10611
2386
11853
7786
3218
2219
-843
-7983
-13495
-12345
730
11498
7773
2762
1903
-700
-7801
-13493
-12867
153
11964
8485
3170
2275
-102
-7092
-12965
-12784
198
12852
9503
3827
2712
211
-6818
-12918
-12949
433
13445
9878
3988
2779
132
-7127
-13264
-13063
875
13850
9889
4104
3103
140
-7429
-13366
-12672
2151
14622
9989
4391
3535
375
-7301
-13349
-12122
3892
15558
9776
4201
3331
-313
-8135
-13895
-11575
5058
15189
8624
3396
2661
-1427
-9312
-14634
-11441
5561
14565
7682
3034
2407
-2116
-10114
-15087
-10867
6569
14430
7212
2970
2295
-2648
-10506
-15163
-10217
7483
14128
6626
2795
1856
-3504
-11191
-15615
-9827
8133
13556
5821
2198
1252
-3996
-11527
-15647
-8966
8975
13552
5631
2296
1608
-3811
-11273
-14928
-7904
9698
13843
6170
3072
2229
-3342
-10756
-14307
-7015
10236
13816
6331
3319
2338
-3339
-10811
-14460
-7347
9826
13306
5685
2700
1704
-3974
-11246
-14696
-7496
9586
13012
5529
2671
1639
-4124
-11281
-14359
-6688
10041
12987
5798
3057
1918
-3950
-11027
-14114
-6632
9999
12883
5618
2904
1649
-4357
-11323
-14221
-6639
9568
12278
5388
2827
1484
-4451
-11357
-14024
-6109
9881
12343
5557
3030
1881
-3998
-10879
-13319
-5358
10430
12736
5872
3238
1993
-3938
-10783
-13098
-5253
10231
12505
5726
3124
1710
-4198
-10915
-13257
-5532
9842
12286
5668
3184
1839
-4036
-10720
-13078
-5646
9629
12540
6200
3625
2284
-3542
-10265
-12723
-5446
9923
12995
6719
4013
2621
-3024
-9940
-12726
-5443
10248
13450
6945
4244
3162
-2419
-9576
-12652
-5410
10914
14425
7641
4836
3779
-1870
-9291
-12544
-5635
10583
14436
7540
4382
3308
-2244
-9762
-13317
-6816
9718
13926
6933
3591
2529
-2924
-10643
-14188
-7659
8831
13244
6140
2853
1878
-3647
-11155
-14586
-7999
8815
13413
6346
3061
2206
-3122
-10552
-14023
-7219
10014
14668
7537
4375
3426
-2092
-9424
-13048
-6410
10899
15500
8430
5247
4089
-1728
-9315
-13130
-6318
11034
15350
8166
4779
3517
-2244
-9941
-13744
-6801
10629
14942
7561
4187
3147
-2582
-10283
-14025
-7106
10418
14860
7594
4301
2889
-3148
-10728
-14415
-7553
10170
14611
7068
3626
2301
-3643
-11320
-15280
-8290
9794
14195
6552
3216
2124
-3713
-11453
-15463
-8342
9959
14311
6669
3368
2365
-3318
-11099
-15252
-7880
10734
14844
6835
3487
2536
-3177
-10909
-14864
-7392
10851
14682
6665
3232
2267
-3338
-11087
-14973
-7668
10017
13851
6220
2968
1885
-3864
-11511
-15140
-8254
8912
13174
6003
2717
1580
-3970
-11462
-15160
-8755
8229
12894
5772
2362
1353
-3963
-11555
-15569
-9532
7544
12622
5358
1872
1120
-3728
-11276
-15088
-9879
6321
12782
6345
2679
1951
-2333
-9717
-13959
-9929
5627
13739
8085
3863
3098
-607
-8076
-12895
-10295
4145
13797
9021
4276
3311
19
-7396
-12784
-11522
1702
12858
9248
4055
2902
252
-6838
-12469
-12221
-813
11647
10005
4509
2924
838
-5663
-11635
-12730
-3238
10588
10966
5133
3042
1356
-4716
-11251
-13336
-5784
8524
11021
5222
2604
1199
-4163
-11070
-13919
-8332
5713
10802
5583
2421
1428
-2953
-10000
-13711
-10130
3149
10887
6844
3116
2248
-1139
-8284
-12849
-11269
752
11108
8423
3860
2506
-161
-6921
-12436
-12494
-2302
9844
9102
3869
2052
273
-5791
-12120
-13484
-5533
7627
9795
4647
2372
1199
-3897
-10642
-13338
-7863
5523
10941
6414
3345
2434
-1552
-8596
-12653
-9613
2763
11074
7860
3918
2821
-90
-7014
-12272
-11575
-937
9993
8853
4341
2881
973
-5171
-11223
-12259
-3878
8805
10628
5932
3815
2643
-2443
-9191
-11832
-6030
7278
12370
7925
4861
3934
-105
-7309
-11552
-8520
4077
12355
8917
4884
3788
765
-6476
-11901
-10998
96
11030
9506
4849
3420
1390
-5137
-11392
-12201
-3126
9676
10674
5615
3806
2461
-3296
-10004
-12137
-5545
7800
11805
7021
4305
3205
-1616
-8781
-12296
-8091
5059
12016
7902
4345
3173
-684
-7778
-12313
-10205
1926
11634
8999
4782
3395
437
-6421
-11961
-11573
-839
11044
10258
5286
3537
1570
-4839
-11257
-12446
-3568
9758
10985
5612
3408
1922
-3686
-10630
-13234
-6721
7164
11257
6104
3197
2035
-2506
-9661
-13403
-9048
4487
11537
7185
3521
2566
-961
-8159
-12892
-10617
2003
11766
8767
4248
3088
663
-6234
-12140
-11797
-1003
10711
9713
4707
3142
1414
-4729
-11391
-12882
-4341
8816
10549
5467
3271
2132
-2988
-9903
-12711
-6671
7023
11782
6906
3939
3206
-870
-8098
-12084
-8101
5160
12591
8632
4969
3969
522
-6568
-11450
-9679
2279
12221
9773
5376
3941
1303
-5416
-11204
-11078
-728
11182
10728
5774
4066
2367
-3781
-10269
-11696
-3577
9618
11741
6752
4554
3340
-1808
-8838
-11805
-6094
7363
12527
7887
4873
3769
-429
-7595
-11819
-8673
3951
12300
8808
4799
3786
685
-6360
-11718
-10851
231
11512
10214
5464
3998
1849
-4590
-10969
-12072
-3237
9920
11548
6404
4150
2721
-2918
-10006
-12771
-6744
7103
11914
6971
3810
2624
-1914
-9488
-13829
-10304
3530
11785
7585
3503
2345
-1114
-8514
-13674
-12013
559
11535
9008
4229
2859
409
-6562
-12614
-12735
-2093
11225
11074
5605
3715
1810
-4686
-11383
-13171
-4884
9867
12470
6766
4058
2429
-3227
-10550
-13480
-7352
7476
12985
7716
4373
3140
-1778
-9463
-13472
-9500
4906
13273
8809
4605
3312
-562
-8245
-13310
-11436
2004
13215
10084
4885
3136
35
-7499
-13342
-13100
-1242
12146
10835
5008
2793
439
-6560
-13161
-14240
-4075
10976
11918
5831
3295
1275
-5273
-12308
-14379
-6269
9624
13184
7137
3913
2166
-3658
-11157
-14166
-8074
7754
13853
8133
4274
2657
-2533
-10373
-14281
-10291
4850
13771
9168
4651
2907
-1541
-9531
-14105
-11770
2107
13660
10559
5457
3594
-109
-7981
-13350
-12729
-683
13185
12316
6651
4332
1549
-5984
-12500
-13564
-4091
11369
13404
7470
4469
2176
-4644
-12092
-14511
-7563
8532
13926
8239
4366
2521
-2982
-10971
-14596
-10333
5240
14285
9506
5096
3286
-1182
-9178
-14151
-12211
2028
14375
11373
5996
3977
504
-7607
-13608
-13415
-1740
12996
12559
6526
4150
1455
-6009
-12976
-14352
-5735
10289
13752
7769
4631
2571
-3702
-11423
-14390
-8782
7318
14804
9575
5430
3718
-1321
-9673
-14064
-11051
3878
14811
10957
5808
3898
103
-8185
-13823
-13042
-431
13305
11801
6105
3910
941
-7007
-13701
-14446
-4485
11120
12927
6974
4229
2094
-4790
-12287
-14378
-7329
8638
14192
8672
5093
3428
-2093
-10332
-14054
-10039
4702
14050
10047
5555
3791
-292
-8636
-14004
-12610
-86
12748
11213
5980
3883
940
-6695
-13229
-13764
-4263
10560
12603
7058
4403
2469
-4102
-11671
-13807
-7302
7772
13614
8807
5366
3600
-1820
-10012
-13684
-9795
4381
13750
10085
5751
4019
-185
-8451
-13483
-11653
767
12792
11203
6465
4513
1258
-6632
-12645
-12255
-2214
11372
12439
7581
5312
2577
-4599
-11425
-12439
-4506
9592
13180
8273
5360
3279
-3095
-10752
-13041
-7155
6884
13067
8530
5015
3233
-2259
-10318
-13570
-9209
4336
12620
9103
5384
3695
-1211
-9511
-13525
-10224
2695
12733
10230
6053
4225
81
-7985
-12889
-11068
870
12550
11074
6331
4322
790
-7083
-12834
-12016
-1260
11294
11124
6156
4079
1213
-6276
-12573
-12560
-3246
9949
11580
6842
4437
1845
-4989
-11744
-12817
-4895
9052
12616
7807
4974
2662
-3925
-11264
-13247
-6403
7999
12952
8156
4910
2740
-3476
-11210
-13823
-7840
6803
13113
8376
4890
3072
-2654
-10489
-13587
-8370
6286
13712
9398
5606
3908
-1268
-9207
-12677
-8233
5976
14403
10562
6462
4440
-693
-8739
-12663
-9006
4649
13945
10345
5877
3849
-1162
-9280
-13384
-10304
2917
12907
9972
5585
3641
-950
-9102
-13544
-10962
1622
12503
10469
6044
4050
-218
-8331
-13085
-11109
650
12300
11061
6423
4276
445
-7415
-12764
-11803
-1176
11490
11489
6561
4354
1160
-6293
-12346
-12461
-3254
10290
12151
7103
4499
1849
-5190
-12065
-13144
-5067
9074
12651
7835
5000
2675
-3897
-11376
-13566
-7089
7330
12938
8205
4830
2834
-3107
-11097
-14311
-9441
4685
12349
8215
4431
2702
-2285
-10494
-14597
-11103
2361
12193
9195
4905
3191
-750
-8657
-13714
-11752
371
12297
11055
6248
4324
1147
-6546
-12622
-12246
-1941
11388
12158
7113
4778
2025
-5193
-12156
-13243
-4809
9413
12636
7640
4732
2487
-3927
-11549
-13994
-7436
7366
13088
8271
4774
2932
-2572
-10619
-14038
-9337
4993
13199
8971
4908
3174
-1593
-9785
-14142
-11003
1912
12091
9493
5091
3199
-928
-8928
-14020
-12512
-1300
10868
10445
5818
3724
480
-7124
-13348
-13456
-4211
9687
11907
7002
4414
1903
-4813
-12074
-13818
-6832
7611
12795
8045
4785
2695
-3325
-11151
-14225
-9499
4757
12854
8956
5069
3079
-1891
-9949
-14242
-11441
1912
12929
10341
5689
3802
62
-7962
-13578
-12567
-967
12369
11996
6741
4446
1542
-6039
-12814
-13629
-4484
10305
12718
7335
4502
2060
-4739
-12395
-14602
-8013
7158
13092
8183
4639
2520
-3014
-10976
-14558
-10592
3677
13190
9531
5133
3271
-793
-8761
-13861
-12265
148
12814
11446
6289
4154
1145
-6372
-12758
-13153
-3818
10488
12748
7591
4798
2556
-3800
-11368
-13536
-7272
7215
13734
9355
5891
4174
-852
-8743
-12789
-9693
3852
14452
11822
7506
5706
2059
-5911
-11801
-11171
68
13527
13417
8154
5875
3191
-3973
-11327
-12868
-4781
9777
13443
8226
5311
3415
-2440
-10466
-13867
-9014
5189
13276
9303
5287
3822
-312
-8501
-13697
-11838
561
12408
10956
6223
4300
1272
-6329
-12948
-13493
-4244
9754
11881
6759
4306
2139
-4366
-12158
-14777
-8639
5635
12007
7631
4120
2586
-2112
-10185
-14729
-11668
1481
11717
9269
4862
3250
136
-7635
-13695
-13107
-2524
10493
11069
6169
4036
1583
-5473
-12580
-14001
-6471
7442
11698
7194
4136
2149
-3666
-11530
-14599
-9754
3837
11598
8143
4481
2839
-1573
-9564
-14293
-11990
64
10986
9667
5277
3416
380
-7161
-13292
-13117
-3561
9073
10572
6102
3714
1537
-4939
-12167
-13948
-7420
5523
10667
6889
3793
2160
-2882
-10534
-14220
-10514
1871
10519
8390
4691
3060
-451
-7985
-13184
-11761
-1155
10084
10243
6200
4269
1689
-5290
-11906
-12606
-4304
8456
11426
7260
4726
2670
-3423
-10788
-13303
-7351
5803
11621
8006
4754
3044
-1877
-9530
-13245
-9158
3431
11482
8858
5215
3674
-141
-7829
-12704
-10381
954
11018
10029
6081
4314
1178
-6265
-12094
-11469
-1510
10225
10922
6674
4485
1726
-5082
-11519
-12169
-3757
8775
11465
7277
4754
2548
-3694
-10647
-12290
-5110
7628
11824
8034
5389
3515
-2487
-9834
-12039
-5983
6634
11995
8580
5597
3678
-1807
-9411
-12369
-7298
5410
11969
8696
5416
3629
-1421
-9023
-12495
-8087
4588
12139
9370
5843
4073
-473
-8103
-12008
-8332
3929
12408
10063
6328
4579
320
-7342
-11880
-9070
2667
11846
10107
6204
4300
354
-7348
-12338
-10340
763
10874
9875
5742
3669
110
-7312
-12678
-11486
-897
10264
10023
5656
3515
406
-6811
-12596
-12059
-2071
10087
10835
6316
4044
1239
-5804
-12199
-12506
-3487
9233
11123
6667
4181
1514
-5326
-12186
-13304
-5441
7870
11357
6949
4180
1987
-4073
-11191
-13169
-6588
6709
11922
8013
4971
3149
-2226
-9732
-12787
-7722
5453
12572
9206
5726
3860
-1047
-8777
-12795
-9463
2871
11903
9567
5598
3663
-309
-8027
-13126
-11262
-250
10491
9949
5842
3769
535
-6731
-12743
-12508
-3115
9060
10652
6590
4214
1582
-5092
-11975
-13151
-5683
7291
11268
7236
4427
2110
-3832
-11295
-14038
-8578
4625
11236
7680
4239
2340
-2713
-10507
-14374
-10684
1822
10872
8698
4822
2894
-1021
-8653
-13804
-12108
-1071
10280
10147
5837
3772
853
-6482
-12971
-13266
-4129
8994
11303
6725
4193
1915
-4564
-11928
-13962
-7076
6619
11858
7818
4697
2805
-2560
-10270
-13649
-8978
4300
12331
9285
5636
4049
-324
-8222
-12797
-10104
1994
12455
11038
6914
5058
1418
-6344
-12254
-11385
-909
11108
11751
7336
5105
2135
-5264
-11878
-12557
-4269
8677
11891
7924
5357
2891
-3520
-10843
-12931
-6808
6194
12285
9020
5881
4003
-1291
-9068
-12653
-8829
3525
12228
10025
6269
4365
39
-7920
-12892
-10930
186
10987
10502
6418
4383
881
-6857
-12826
-12591
-3090
9767
11499
7157
4769
1948
-5265
-12208
-13330
-5409
8579
12699
8299
5418
3098
-3446
-11147
-13548
-7318
6933
13178
8952
5566
3493
-2379
-10666
-14212
-9627
4347
12890
9416
5608
3629
-1512
-9810
-14272
-11239
2160
12993
10624
6154
4162
-133
-8405
-13934
-12456
400
13546
12315
7045
4777
1098
-7084
-13507
-13355
-1321
13470
13296
7507
4944
1689
-6281
-13546
-14517
-3464
12752
14070
7671
4977
2402
-5338
-13115
-14789
-4834
12170
14993
8573
5537
3210
-4061
-12193
-14623
-5669
11760
15950
9376
5887
3462
-3690
-11858
-14974
-7345
10301
15802
9273
5263
2895
-3819
-12197
-15664
-8913
8809
15565
9256
4942
2782
-3237
-11792
-15898
-10039
7476
15580
9562
4984
3132
-2598
-11226
-15573
-10847
5829
15216
9852
4836
2684
-2623
-11107
-15985
-12213
4018
14441
9477
4184
2185
-2657
-11210
-16468
-13263
2608
14072
9844
4453
2447
-2007
-10451
-16012
-13461
1970
14345
10749
5047
2993
-934
-9274
-15199
-13525
729
13791
10911
5059
3016
-448
-8420
-14899
-14160
-1587
11837
10629
5006
2812
-130
-7517
-14107
-14257
-3668
10133
11075
5712
3243
1058
-5549
-12567
-13995
-5573
8501
11795
6958
4051
2226
-3499
-11106
-13845
-7717
5604
11369
7514
4240
2703
-1999
-9707
-13946
-10271
1874
10210
8148
4571
3099
-39
-7144
-12725
-11523
-1678
8543
9333
5905
3997
1905
-4220
-10785
-11932
-4778
6452
10148
7145
4680
3094
-1879
-9114
-12332
-7977
2872
9423
7623
4645
3295
-83
-7130
-12228
-10660
-1228
7760
8149
5125
3667
1551
-4704
-11062
-11847
-4883
5211
8577
6260
4399
3047
-1669
-8540
-11652
-7501
2240
8337
7277
5005
3948
673
-6137
-11043
-9623
-1513
6458
7510
5284
4104
2157
-3673
-9766
-10684
-4805
3772
7250
5835
4362
3153
-914
-7259
-10528
-7402
594
6459
6634
4923
3892
1498
-4370
-9481
-9107
-2803
4367
6508
5314
4218
2818
-1723
-7756
-9935
-5849
1581
5800
5673
4682
3885
1040
-4801
-9055
-7681
-1260
4637
6094
5396
4796
3347
-1319
-6919
-8402
-3947
2785
6017
5853
5066
4207
1121
-4763
-8636
-6873
-645
4437
5334
4658
4071
2401
-2425
-7866
-8837
-4072
2413
5368
5148
4431
3652
364
-5513
-8881
-6316
374
5229
5987
5364
4843
2902
-2447
-7673
-7812
-2241
4178
6463
5996
5363
4316
326
-5776
-8551
-4991
2146
6439
6630
5801
5112
2433
-3511
-8067
-6840
-307
5757
7144
6232
5552
3955
-1250
-7091
-8137
-3006
4148
7242
6634
5705
4583
396
-6018
-9269
-6264
1259
6418
6583
5267
4296
1373
-4977
-9852
-8780
-1867
5010
6650
5390
4407
2676
-2869
-8984
-10014
-4293
3922
7218
6242
5161
4067
-256
-6924
